6.682730587072134576e-02 9.379075846660247517e-01 -3.403872409712276337e-01
2.345569250998316146e-01 9.153586781176241693e-01 -3.272637151938292965e-01
1.500012259706047513e-02 9.423012014180399687e-01 -3.344300257575441027e-01
-1.094962710451948956e-01 9.530054057255827882e-01 -2.824734735953350895e-01
2.048493190036591582e-01 9.169661550958547735e-01 -3.423592074305317756e-01
1.700727808487813852e-01 9.133056351476818158e-01 -3.700649483831883191e-01
5.499935855949358160e-02 9.241616512982699927e-01 -3.780215771985760975e-01
-8.529544770783854812e-02 9.269317363022634426e-01 -3.654069551007347871e-01
-1.620819192922647034e-01 9.220365528555076740e-01 -3.515366931585782728e-01
-2.625425993560757121e-01 9.371076991876855500e-01 -2.300011818372182104e-01
-2.963417366312706136e-01 9.331368456572211034e-01 -2.035612988936108536e-01
2.187198733076890500e-01 9.021077981757462672e-01 -3.719719579360457051e-01
1.926279339168410487e-01 9.032379227051995363e-01 -3.834784662300155245e-01
1.687142145492677714e-01 9.110535307103050373e-01 -3.761874240180163587e-01
7.290796243103006558e-02 9.210031896333434887e-01 -3.826716003303132774e-01
-3.086197732408448302e-01 8.965180217548525121e-01 -3.178195592368965872e-01
-3.591844930012352832e-01 8.927950598226140899e-01 -2.718519471031624613e-01
2.998127311178895860e-01 9.054677678369525973e-01 -3.004004788078714627e-01
2.542212054749309891e-01 9.052649129813261641e-01 -3.403924441167651138e-01
4.836460381058334951e-02 9.144764695858039749e-01 -4.017382875357154437e-01
-4.308409217472791153e-01 8.763231284737103000e-01 -2.154852074969502429e-01
3.603623657511851319e-01 8.708914623899304264e-01 -3.341960892747515288e-01
2.187198733076893553e-01 9.021077981757461561e-01 -3.719719579360459827e-01
4.530831645726746820e-02 8.772029329055627267e-01 -4.779771657325138645e-01
3.131584685423923764e-01 8.799306537133060324e-01 -3.572867451163806440e-01
5.523181774772294855e-02 8.817587517685243625e-01 -4.684559210725123823e-01
-6.446929578723069321e-02 8.825647857020679776e-01 -4.657500498543842293e-01
-2.041257414700010653e-01 8.858478070619825173e-01 -4.166609465654284583e-01
-3.547704168917148460e-01 8.790950197055806825e-01 -3.183235737851083380e-01
-4.555395376474675739e-01 8.610964122362793072e-01 -2.258244859924170844e-01
-5.078039770101837602e-01 8.438350467820927570e-01 -1.734287598840055233e-01
3.597930138168304315e-01 8.373499007169510344e-01 -4.115751826555075210e-01
3.520288370136078759e-01 8.450029349595723493e-01 -4.025490502045129260e-01
2.876009845096094142e-01 8.615535698598689729e-01 -4.183433039631677119e-01
-2.086586925085291977e-01 8.745722090032378437e-01 -4.377042395040605660e-01
3.597930138168304315e-01 8.373499007169509234e-01 -4.115751826555074655e-01
1.290777617691743206e-01 8.631316583478280124e-01 -4.882035147091717819e-01
-6.007494281990114621e-02 8.472022704019689376e-01 -5.278629692173287813e-01
-3.864316469150689826e-01 8.516694944377890542e-01 -3.540192855009289818e-01
1.452287344536173364e-01 8.206258832669462988e-01 -5.527040567983421138e-01
5.278942548633010906e-02 8.571015275083481155e-01 -5.124356038564062965e-01
4.463133912009358689e-02 8.313588928460864391e-01 -5.539408225199481395e-01
-1.391307759476042294e-01 8.203182775374960878e-01 -5.547256535641137409e-01
-1.563738100907746398e-01 8.424973292852784290e-01 -5.155050743347414643e-01
5.164955604585734772e-01 7.577519740477800525e-01 -3.988035629896960477e-01
3.674512897344276441e-01 8.400671116277542705e-01 -3.990824446576270446e-01
2.553534690958205178e-01 8.558788863174799921e-01 -4.497398556684520377e-01
2.687664636730460188e-01 8.269327230931533546e-01 -4.939097685634767920e-01
-4.530937286808389697e-01 7.714093398810509816e-01 -4.468038757378625658e-01
-5.566553099630541235e-01 8.070044232519394400e-01 -1.971768920075083753e-01
6.961728314882762447e-01 6.366930238897486882e-01 -3.316102863720061800e-01
4.299592168916661628e-01 7.857775727990947701e-01 -4.446219494085607571e-01
3.443821152144104780e-01 7.681491874448181933e-01 -5.397664166547545550e-01
-5.929886100229201373e-01 7.857619641096409424e-01 -1.759052135146783324e-01
5.916736336154825304e-01 6.430298647647221255e-01 -4.862457242021926973e-01
4.943469171393606310e-01 7.095495970785316020e-01 -5.021558471236826637e-01
1.343210795939480950e-01 7.898280227025282763e-01 -5.984392551717599984e-01
4.273217166049231297e-02 8.107659177294306296e-01 -5.838086913994451344e-01
-3.647824253124322680e-01 7.857609575938394597e-01 -4.995132627912817758e-01
-6.563042831626103579e-01 7.442412256584558516e-01 -1.239745374373774078e-01
1.833616608637425038e-01 8.909691804757512434e-01 -4.153942955405839355e-01
-5.828829596777902466e-01 7.486660954974879711e-01 -3.158267448614917594e-01
-6.330312076708241031e-01 7.279930998278760779e-01 -2.632442529625626526e-01
7.265071478468029254e-01 5.739034360515166133e-01 -3.779182586430119284e-01
6.678647333504260653e-01 5.820653789873866391e-01 -4.638497521084108399e-01
3.162226072961261125e-01 7.403734385226846682e-01 -5.931698189936306376e-01
2.979646763707274881e-01 7.020591368032373936e-01 -6.467843690646681853e-01
1.537449771726728254e-01 7.321675913082176246e-01 -6.635458539031776626e-01
3.202277565198509424e-02 7.423263197310099315e-01 -6.692728717602089983e-01
-3.070172298662249832e-01 7.065184010840683815e-01 -6.376301196578476604e-01
-3.245393090951798620e-01 7.596290509670933222e-01 -5.635937737225777955e-01
-5.646306252746947640e-01 7.401486359301612250e-01 -3.652016617331156900e-01
-7.171586615874728787e-01 6.959880011630825702e-01 -3.583512727871352582e-02
7.682075671956288820e-01 5.105147100586524544e-01 -3.863054031684042822e-01
6.955382398557131696e-01 5.421215765954110477e-01 -4.715196211061871145e-01
4.151505497347987017e-01 6.941900893995955890e-01 -5.880052217746672971e-01
-4.844710597254378581e-01 6.965906051729625625e-01 -5.291968641944857499e-01
-6.424546497674743506e-01 7.440276532141099075e-01 -1.835071503916296531e-01
-6.987323166238567085e-01 7.010716556976844815e-01 -1.423786616131989258e-01
-7.448009088718190451e-01 6.671893515832866273e-01 -1.140067004985988522e-02
4.597658523464777380e-02 7.151064160452548224e-01 -6.975019479120271315e-01
-4.235007009520135868e-01 6.805735744847920543e-01 -5.978852448473253034e-01
-6.000788954095025440e-01 6.527901009436233304e-01 -4.623531154800680776e-01
-7.429182557251743368e-01 6.573860899365738808e-01 -1.261586067938572919e-01
-7.372702446114962616e-01 6.680948849241055143e-01 -1.004082225156424091e-01
-2.012414096059003121e-01 7.037426429600084354e-01 -6.813576062094648389e-01
-6.661207302280395259e-01 6.597875868128905141e-01 -3.477980923583192663e-01
-6.648385734562373139e-01 6.887154623243553209e-01 -2.892415654777592549e-01
2.689891954434424637e-01 5.847429442755762707e-01 -7.653237888989335991e-01
6.401628908137008134e-02 6.562732862422325786e-01 -7.518026925311395159e-01
-3.498420218595894166e-02 6.666085003917051610e-01 -7.445866053072227597e-01
-1.727610642146394371e-01 6.554515417960614654e-01 -7.352121401667625067e-01
-3.380827348504750196e-01 6.156897977730978466e-01 -7.117767468203390901e-01
-3.509235330903178740e-01 6.528672514114780556e-01 -6.712801397016230354e-01
-7.267410189212852867e-01 6.193755194410547338e-01 -2.970209712030041915e-01
-7.398281346566477623e-01 6.211440075008982653e-01 -2.585236026288295075e-01
5.631926603830084144e-01 5.657772794320481413e-01 -6.022541800346257190e-01
4.895510568691291420e-01 5.671198335148368574e-01 -6.623555368172160396e-01
3.380255560758770317e-01 6.152497947162061109e-01 -7.121842553309223334e-01
-4.920485294418754929e-01 5.927574290914793265e-01 -6.375946007699153650e-01
-5.506236434733157159e-01 6.234404157723071327e-01 -5.550996768417578719e-01
-7.182801638300513325e-01 5.957168664693092142e-01 -3.594370894221434742e-01
8.032684744211477934e-01 4.606975487755158860e-01 -3.775149355367983239e-01
-7.845511169909912264e-01 6.021146122149427793e-01 -1.481132626925657225e-01
-7.877539518480780600e-01 6.025580411675662829e-01 -1.279356024413902948e-01
-2.504803148573845478e-02 5.871644627589329701e-01 -8.090800268154585417e-01
-7.034290891917681643e-01 5.760338689683328628e-01 -4.163802328163679900e-01
7.965810623707212379e-01 4.217603866880962893e-01 -4.331013591447625544e-01
8.565953738344387336e-01 3.557249885795769062e-01 -3.737701138741538198e-01
8.087097992827684267e-01 4.130879925681175679e-01 -4.187442786953243234e-01
6.656312657465414118e-01 3.919353596923545457e-01 -6.350761307776270348e-01
2.367678538286415724e-01 4.992392278392897564e-01 -8.334873585003006458e-01
9.426907295816010224e-02 5.534636544094504451e-01 -8.275211931614474548e-01
6.057917233670077894e-02 5.290947285296614400e-01 -8.463976205786049034e-01
-3.533181290892006138e-02 4.927879872893574653e-01 -8.694318044446459615e-01
-2.049003756675274179e-01 5.182998412851406167e-01 -8.302897750635642726e-01
-2.080204804078472913e-01 5.665553641693107378e-01 -7.973346217629511123e-01
-7.913710130671587351e-01 5.403796987420681486e-01 -2.858700768959396288e-01
-8.353724805208749826e-01 4.936264104200722147e-01 -2.418383462650098292e-01
3.892537338533665348e-01 4.313297664839512158e-01 -8.139018142418117385e-01
3.224592508462991169e-01 3.799778392526427240e-01 -8.669699378989655925e-01
-2.500862381346165009e-01 4.812384875615764446e-01 -8.401585514562845969e-01
-3.550961846408244860e-01 5.462900257874004906e-01 -7.585999653168530310e-01
-4.976173807993537479e-01 5.015474727439862557e-01 -7.076913698149154275e-01
-8.746526803978775799e-01 4.215193199453025064e-01 -2.393828556635960725e-01
5.823787458092229974e-01 4.196736985544162746e-01 -6.962104446008645642e-01
-5.402355808508224611e-01 5.212489111843900957e-01 -6.606399093090443708e-01
8.758369995877214320e-01 2.761084540945343835e-01 -3.958202517945539345e-01
8.476897110231275123e-01 3.116610159673084968e-01 -4.292896049891631316e-01
8.308183587866055930e-01 3.136814318757398801e-01 -4.597225402343427247e-01
7.246869504352537739e-01 3.834729222365377277e-01 -5.725184204724091952e-01
-8.947120770806222811e-01 4.299017582999047349e-01 -1.211394953626970250e-01
-7.945023922473402889e-02 -6.064100065040273213e-01 -7.911729036682930705e-01
8.054811525792819893e-01 3.437547029818784905e-01 -4.827347273787040982e-01
-3.891472413915100792e-01 4.380946485433914739e-01 -8.103317243172825091e-01
-9.239385442371507162e-01 3.823223987501834231e-01 1.292864597861997748e-02
8.567235363665250958e-01 3.198539740117021246e-01 -4.046210789671701447e-01
8.445285657502774601e-01 3.369790373891218827e-01 -4.161930201145618291e-01
-6.052322448098188534e-01 4.140736296121724780e-01 -6.798801064174984088e-01
-8.185415137704802335e-01 4.617791639686849581e-01 -3.416866897593657248e-01
-9.378506688963936799e-01 3.462518340867405953e-01 2.336215405640776691e-02
-9.562334033872996741e-01 2.889946261236918668e-01 4.582340360524691375e-02
2.761221758423318962e-01 3.763240240225950162e-01 -8.843849687503387846e-01
1.262661643206467454e-01 3.721658974001799125e-01 -9.195376014933103193e-01
1.154988580979065572e-02 3.592164445650057325e-01 -9.331828042199753481e-01
-1.735993440088458017e-01 4.295638618480366322e-01 -8.861930694571581446e-01
-8.855506280210360126e-01 3.728964033113068566e-01 -2.770349393290311157e-01
-8.823537577564074530e-01 3.907201667057182415e-01 -2.622777106477078291e-01
-9.748056099751389869e-01 2.183564087540446896e-01 4.554669600567733817e-02
-7.945023922473408440e-02 -6.064100065040272103e-01 -7.911729036682931815e-01
8.948445081321581007e-01 2.760684231118421539e-01 -3.507699132283965682e-01
5.716735951532585513e-01 2.811888491787994382e-01 -7.707931834818276817e-01
4.301866237172775054e-01 3.256414681744378981e-01 -8.419602739915499345e-01
3.717172708209028897e-01 2.709238419913186369e-01 -8.879338615089089615e-01
-7.522960671217475692e-01 3.844785296788727491e-01 -5.350017641177673422e-01
-7.945023922473404276e-02 -6.064100065040274323e-01 -7.911729036682929594e-01
7.301944304633863903e-01 2.131962528787501310e-01 -6.491251431570885799e-01
6.610283379432543294e-01 2.404963900061776461e-01 -7.107763521882078939e-01
-6.681168543950932737e-01 3.166000096651796492e-01 -6.733381785946893627e-01
-9.055987057779183447e-01 3.553026833082170710e-01 -2.316268277366425599e-01
-9.361025714239051831e-01 3.324967242426265512e-01 -1.147079079291180581e-01
-9.506535055697712400e-01 3.066254852834491840e-01 -4.731515742966728444e-02
-5.692647364362735107e-01 5.537294624073133553e-01 -6.077181438070184960e-01
-9.644124056401072176e-01 2.598997237119231030e-01 -4.858853220593484235e-02
-7.945023922473408440e-02 -6.064100065040269882e-01 -7.911729036682931815e-01
-7.945023922473409828e-02 -6.064100065040270993e-01 -7.911729036682931815e-01
-3.641181140897809532e-01 8.430928316224839403e-01 -3.957429421461399199e-01
1.471991368948095957e-02 -5.557691080028077657e-01 -8.312063659108595015e-01
9.594580066056717510e-03 -5.827774947118290472e-01 -8.125751261826563709e-01
8.827143694553157838e-01 2.490021410718533112e-01 -3.985138337608082337e-01
8.765688791590696693e-01 2.130708440610444288e-01 -4.315412095048702934e-01
-7.945023922473404276e-02 -6.064100065040274323e-01 -7.911729036682929594e-01
-6.628318066273072851e-02 -6.224414302041341163e-01 -7.798546056327831932e-01
-4.350783625687951184e-02 -6.207818074415371035e-01 -7.827752012767541512e-01
-1.371258116080873724e-01 1.506763579403018471e-01 -9.790266324000942433e-01
-9.282785121380051629e-01 2.947605606250795485e-01 -2.267492355066280940e-01
-9.832891145223499052e-01 1.788237905939359107e-01 3.412578467184787523e-02
-9.943424002357772462e-01 8.657621384757284433e-02 6.154470155238885021e-02
-7.111002664335229484e-02 -6.067519699081138640e-01 -7.917041184201362158e-01
-3.288436396857539329e-02 -6.334796562418292254e-01 -7.730602458632290785e-01
8.674194223455837793e-01 -5.275891503175179909e-02 -4.947727181467527768e-01
6.821858383211664156e-01 1.113574751821083536e-01 -7.226492888774702639e-01
5.202364801771416358e-01 1.222372409545687960e-01 -8.452289995123883903e-01
-3.438568756670370430e-01 1.916154369465972451e-01 -9.192638214246596773e-01
-4.977102170848869966e-01 1.383146269832052355e-01 -8.562438926916858817e-01
-5.432002996335919542e-01 1.938534972337534745e-01 -8.169175332236534581e-01
-9.303094000838928457e-01 3.015758082119768813e-01 -2.087497353695089708e-01
4.841075887663641442e-02 -5.676804362340847065e-01 -8.218243855849420854e-01
9.278364789139972313e-01 1.364737874482891411e-01 -3.471229951126755253e-01
8.693062070959698406e-01 1.265604562126960708e-01 -4.777961586572804231e-01
7.383989548844889228e-01 1.020212370580390326e-01 -6.666023181887696936e-01
-6.633714990092322017e-01 1.549325656613947666e-01 -7.320752382097224231e-01
-7.653943355001084914e-01 2.111372563715118167e-01 -6.079412555142625907e-01
-9.733521499714899994e-01 2.238488524793429135e-01 -4.977231549324827309e-02
2.205232026354537744e-01 -6.353363271543529534e-01 -7.400792312296161635e-01
9.124805709490686478e-01 5.882642924080233593e-02 -4.048686933602527183e-01
-7.945023922473404276e-02 -6.064100065040274323e-01 -7.911729036682929594e-01
-7.945023922473404276e-02 -6.064100065040274323e-01 -7.911729036682929594e-01
1.997639721000935703e-02 -5.635318244929329312e-01 -8.258527873284525755e-01
4.841075887663639360e-02 -5.676804362340845955e-01 -8.218243855849420854e-01
7.884627670761817572e-03 -5.606716515874078377e-01 -8.280006834252867653e-01
5.166649544124171101e-01 -4.498217539981498869e-01 -7.285037505133675761e-01
-4.507987950016521111e-02 -5.949524479760156526e-01 -8.024957252917904738e-01
-2.483417758846283296e-02 -6.008274646722606693e-01 -7.989928793919305328e-01
-6.162111999060306336e-03 -5.815788590880787146e-01 -8.134666920271043100e-01
1.140430861406750880e-02 -5.762362343576312718e-01 -8.172036123013480813e-01
7.981917604642756459e-01 6.548746057731473502e-03 -6.023678506129054311e-01
5.280586497710779703e-01 -4.867313966403069014e-01 -6.958783010890067233e-01
5.280586497710781924e-01 -4.867313966403067349e-01 -6.958783010890067233e-01
8.356340969825762910e-01 -1.070168630473333493e-01 -5.387606583480484268e-01
9.289173276737532348e-01 9.292856722256608026e-02 -3.584367165085268203e-01
8.967229850185035600e-01 1.448893489899638343e-01 -4.182044532148945781e-01
9.376575059566396586e-01 8.507667284702856436e-02 -3.369871826352654476e-01
3.050809566764203784e-01 1.552308831969064287e-02 -9.521998968716701706e-01
-9.866806762626534333e-01 1.377783134379422791e-01 -8.647762390392625675e-02
-9.963151776858406583e-01 8.439252354918461152e-02 -1.529603484018415491e-02
-9.967764834386441120e-01 -4.389425067347184871e-03 8.010852021644437881e-02
1.740260641609410741e-01 8.787040344537984105e-01 -4.445156339514614863e-01
9.355830855803102253e-01 8.954078859294206660e-02 -3.415651287151250104e-01
-7.043783573992017377e-01 -6.432804208398344714e-02 -7.069038354891304943e-01
-9.813578209846676170e-01 1.876458132358932440e-01 -4.154366338282523136e-02
5.389123751271316376e-01 -4.125425377878823574e-01 -7.344263791901589622e-01
8.397606067464824520e-01 2.887141547625024507e-02 -5.421886800046432642e-01
7.499551469069781762e-01 -4.971848552864915893e-02 -6.596175784683654397e-01
-7.760377081816157707e-01 -4.013029042655394396e-02 -6.294084804564566982e-01
-8.070620792299744162e-01 -2.193065773633410057e-02 -5.900591889973770821e-01
-9.961288050002161665e-01 4.097634584284872566e-02 7.777109315297490999e-02
6.054165197018143152e-01 7.187813924466498472e-01 -3.417954761909493544e-01
1.997639721000935703e-02 -5.635318244929331533e-01 -8.258527873284522425e-01
4.011981131481720531e-02 -5.662205457506194195e-01 -8.232768029708683599e-01
4.841075887663637972e-02 -5.676804362340845955e-01 -8.218243855849420854e-01
4.027367107603350982e-02 -5.579030131220654720e-01 -8.289283801194043955e-01
2.402345660143298187e-02 -5.609528125351334049e-01 -8.274991333178800534e-01
-3.293027651300178306e-03 -5.728915401969201238e-01 -8.196245720692422188e-01
1.765774442208169759e-01 -5.716245896418412631e-01 -8.012900440597280349e-01
3.334317569803993964e-01 -2.760511058525412786e-01 -9.014538537243894645e-01
4.749056642947632745e-01 -4.335390731066298131e-01 -7.658384177557259198e-01
8.751295101070480920e-01 2.225212170129119149e-02 -4.833768546585457404e-01
-8.423665522330786581e-01 -8.920533176659171948e-02 -5.314706016924812815e-01
-9.942493200398676567e-01 -1.490096994752402974e-02 1.060483413113283979e-01
4.351133174309382290e-02 -5.638189398022600551e-01 -8.247514577921024603e-01
5.389123751271315266e-01 -4.125425377878822464e-01 -7.344263791901591842e-01
9.274847740831712040e-01 3.159081953336496940e-02 -3.725238434853520020e-01
9.050876846876948489e-01 5.447530465078501832e-02 -4.217211450827098029e-01
-8.976424673780002417e-01 -3.102169673366565392e-02 -4.396312717395115532e-01
-9.386644613568627671e-01 1.619166704144988159e-02 -3.444515334616025659e-01
-9.999212531435621720e-01 1.242397364925806186e-02 1.769856087546947546e-03
-9.968915045531101526e-01 -2.560460900686829799e-02 7.450994663426924181e-02
3.246324594085418791e-02 -5.614164251213512591e-01 -8.268964477290646764e-01
1.701080710839971560e-02 -5.683733611676694553e-01 -8.225948910347589127e-01
-3.558741157471075334e-01 8.675952492120898585e-01 -3.473213170622069246e-01
-1.059917925309814511e-02 -5.773609048666914489e-01 -8.164202612200874842e-01
1.914976610767712278e-02 -5.876868486830710836e-01 -8.088618264839689820e-01
4.587926615424383070e-01 -1.689482104287800546e-01 -8.723335347834098030e-01
-9.801577250215068871e-01 -9.167604158980233175e-02 -1.757450923328703063e-01
2.980990193649858955e-01 -2.038416465550053069e-01 -9.325157144967467504e-01
-2.013481586505826704e-01 -2.168989264131589711e-01 -9.552035252912537411e-01
-9.930107908466758726e-01 -4.218712957431629273e-02 1.102262008795521220e-01
-9.937428771862019117e-01 -6.208905938383785933e-02 9.284418531345621506e-02
8.726631144677448049e-01 -6.391830486953725687e-02 -4.841214093076867120e-01
6.215815334109071610e-01 -1.865241723111009109e-01 -7.608187237878705211e-01
5.173485575930650837e-01 -1.982527713361929289e-01 -8.324940291761222522e-01
-7.405326611826884564e-01 -2.429507010695400038e-01 -6.265671030077342163e-01
-9.891255172612541946e-01 -9.434912988312046944e-02 1.128226608131301240e-01
-3.946330322646174893e-01 8.632925180546884292e-01 -3.146280313583466048e-01
-8.489663446858947138e-03 -5.802718324314811715e-01 -8.143786134846434654e-01
1.959916616619338664e-02 -5.900209029833092256e-01 -8.071500521763907976e-01
1.461336067677660722e-01 -4.462985025137057860e-01 -8.828718002219051453e-01
-8.053868159728675424e-01 -2.171431214833428602e-01 -5.515441427932642471e-01
-9.861385978565864185e-01 -1.239371765057195734e-01 1.103188202313448996e-01
-9.708022470786989988e-01 -2.368248146981942193e-01 -3.817072451650058151e-02
9.370172376398301362e-01 1.517756967689141631e-02 -3.489532028002109154e-01
8.232063305212884430e-01 -1.825382944670060070e-01 -5.375975338882720278e-01
-6.407902181521759610e-01 -3.196760481390634734e-01 -6.979936393454297949e-01
-8.830570816677407731e-01 -1.160187628313719133e-01 -4.546975227418010856e-01
-9.941423569710921004e-01 -4.811661279587992057e-02 9.677688592330821460e-02
-9.405972102001708413e-01 -3.318620061747769023e-01 -7.172514915500580179e-02
8.990825108494633344e-01 -5.112953940753117710e-02 -4.347831745647458002e-01
-9.659239020608906268e-01 -1.587046760944575974e-01 -2.044598767807905559e-01
-9.929878608146577301e-01 -1.001928150759208991e-01 6.274159769955033050e-02
-9.848918676436840824e-01 -1.358812778943470634e-01 1.073512336544629880e-01
-9.848918676436841935e-01 -1.358812778943470911e-01 1.073512336544629742e-01
-9.964340955723434146e-01 -7.596928701623259506e-02 3.671185927151199985e-02
8.868400152092262845e-01 2.985072266796149343e-01 -3.527154987291372112e-01
8.798599795635773102e-01 -1.722329973484541810e-01 -4.429246109517381291e-01
7.021904848735995852e-01 -2.641194450341624589e-01 -6.611879019672283198e-01
6.115215356688328274e-01 -3.030519169017167891e-01 -7.308905164765975293e-01
-3.593879377411292042e-01 -3.373398530858701672e-01 -8.700816822150561070e-01
-9.576147390612190780e-01 -2.153938599807045939e-01 -1.912576707359101014e-01
9.439825108903322493e-01 -1.073361205111745542e-01 -3.120512399699677530e-01
4.738055236869029296e-01 -3.594106345004166037e-01 -8.039479594673945018e-01
2.892029032706430192e-01 -3.312576289692275022e-01 -8.981258619979254343e-01
1.748933914017624103e-01 -3.564837752310109908e-01 -9.177862603248296836e-01
2.547409168455752864e-03 -4.470081718176262542e-01 -8.945262461408228782e-01
-2.631276307057727748e-01 -4.780233709873820680e-01 -8.380080588807162778e-01
-3.507832430133032697e-01 -3.754907862124445272e-01 -8.578798201908179877e-01
4.660194675517286000e-02 -5.557699968328302376e-01 -8.300288965928017682e-01
-7.791783656382349488e-01 -3.654054173408324280e-01 -5.092739493625223490e-01
6.421789066550714908e-01 -3.209678201087510230e-01 -6.961220512969931162e-01
3.833438598063997060e-02 -5.121042886451886433e-01 -8.580674055123482802e-01
-6.349800865981266584e-01 -4.366434758331090293e-01 -6.372933113066673316e-01
-9.646195853908431372e-01 -2.402442093480164353e-01 1.085899413166079297e-01
-1.936021372379261030e-01 9.562431311539405510e-01 -2.193565284595263842e-01
9.259998729311972321e-01 -1.925163599091529176e-01 -3.247486512654615409e-01
8.692904077119436579e-01 -2.945378169790720535e-01 -3.969655670574028794e-01
7.401976079034505718e-01 -3.182321982499752289e-01 -5.923139110733415258e-01
-9.704489607016307806e-01 -2.046856076987385586e-01 1.277991262650995941e-01
-9.754025026948435206e-01 -1.782069061777754038e-01 1.297391857812479898e-01
7.984422629075339506e-01 -3.267657550958713575e-01 -5.056818111220942047e-01
4.660194675517284613e-02 -5.557699968328303486e-01 -8.300288965928015461e-01
-7.974738173714559508e-01 -4.005917815445884100e-01 -4.511781634409298691e-01
-8.173692785988467824e-01 -4.653883822491678424e-01 -3.395896289204120566e-01
-9.640190405645384653e-01 -2.540996639235182930e-01 7.810665927423718347e-02
-9.341154373515074827e-01 -3.452041195589185540e-01 9.089810526712673033e-02
-7.956061258171601702e-01 -5.333875322381027573e-01 -2.872431600841975907e-01
8.063112181296269165e-01 -3.684217348627436550e-01 -4.627392838295052990e-01
-5.075318852626794497e-01 -5.364647918705804930e-01 -6.742528550365693985e-01
-6.515301840404634781e-01 -5.278804808010280070e-01 -5.448399923587431415e-01
-9.106115022803696890e-01 -3.845778339572560323e-01 -1.512831171791272356e-01
-9.154479858807726966e-01 -3.938515785206526121e-01 -8.267961806652684986e-02
2.330243545134436656e-01 8.892418319667277915e-01 -3.936351286204660127e-01
8.816195243547437776e-01 -3.472819316903028031e-01 -3.195970497328898263e-01
-7.471168018150645684e-01 -5.338995084185017559e-01 -3.959391359238330632e-01
-9.268004374564038361e-01 -3.735487076923848515e-01 -3.875967120562180679e-02
-9.379211574250716499e-01 -3.223160590231881617e-01 1.281259558019941236e-01
4.717998071589172282e-01 -4.112551346910046091e-01 -7.799193266967373583e-01
4.027367107603347512e-02 -5.579030131220654720e-01 -8.289283801194042844e-01
8.573915598506168800e-01 1.337475058536310470e-02 -5.144908445674281072e-01
-6.313729022068363950e-01 -7.666892337841898497e-01 1.164297090880520996e-01
6.695476411434617692e-01 5.884658293600700807e-01 -4.532261288968134627e-01
-7.560853297830574249e-01 5.480447585411660771e-01 -3.577456033585881268e-01
-7.269256158304845394e-01 5.369838334773577859e-01 -4.280508283293373850e-01
8.823653927185379775e-01 -3.556512644159152137e-01 -3.081290181920895432e-01
-2.300266540534662840e-01 -9.291961815156344340e-01 -2.892787491015040291e-01
-3.432591201362628630e-01 -9.392275969524337409e-01 4.969664599868134705e-03
-7.807786360820136995e-01 3.604261954315410854e-01 -5.103701392956438987e-01
-9.584269589578170434e-01 1.801502411786984337e-01 -2.212773258744048510e-01
-9.080315848561681946e-01 1.705189953472184272e-01 -3.826250294078664682e-01
-9.092400737135654110e-01 -4.156650092372206062e-01 2.247417293631824922e-02
-7.985857920274549437e-01 -6.014899486750427959e-01 2.169272723234797612e-02
1.997639721000932581e-02 -5.635318244929330422e-01 -8.258527873284523535e-01
-7.689630512979409582e-01 4.887271629828766062e-01 -4.121184124754305178e-01
6.583614542710617412e-01 -3.317455289095442433e-02 -7.519705077797783632e-01
2.645739884034073452e-01 8.639856230789144664e-01 -4.284033704037045753e-01
-8.213220432187386955e-01 -5.098330806416867533e-01 -2.559303249058297869e-01
-4.118017923152347270e-01 9.111868638732411041e-01 1.256116836953337888e-02
4.701770351390121006e-01 -7.903139683748291455e-01 -3.928579730888983601e-01
3.334317569803995074e-01 -2.760511058525413342e-01 -9.014538537243892424e-01
-4.550897096585398427e-01 3.066423655412310323e-01 -8.359807508658221309e-01
-8.459608876700314140e-02 9.564186658206363933e-01 -2.794760051152860858e-01
-3.698528970140294025e-02 7.107175710431153925e-01 -7.025045356126019547e-01
-5.584919917008186463e-01 -6.934244722846801823e-01 -4.552463030522769238e-01
8.751667553144795164e-01 2.855543302790536919e-01 -3.905660953682576486e-01
-8.200053562216297331e-01 -5.593431179304820811e-01 1.213527593079160860e-01
1.109745216111531763e-01 9.396012884070252813e-01 -3.237809048987198568e-01
-4.804265260643151847e-01 -8.729841267434018670e-01 -8.419660033418097100e-02
-7.827738500059040483e-01 2.804847759260739593e-01 -5.555118272554009362e-01
5.105867246381927682e-01 -8.382573598841617235e-01 -1.913786697186429797e-01
4.978195309492549625e-01 -5.362301757024963145e-01 -6.816398706586447309e-01
6.074420012980773498e-01 1.035891922569906753e-01 -7.875807858921717308e-01
-5.316309684709420447e-01 7.261932232786114660e-01 -4.359035625305999750e-01
-4.768775451676663529e-02 7.585598827564733471e-01 -6.498559704593273034e-01
-7.956061258171602812e-01 -5.333875322381027573e-01 -2.872431600841975907e-01
-7.592228866641957674e-02 -6.146717999227050422e-01 -7.851206177801184349e-01
2.058131445035394080e-01 -3.744097045374189525e-01 -9.041340181067006876e-01
-1.508728506157137605e-01 -9.881681557618433587e-01 2.758765820662475304e-02
9.232454963762770639e-01 8.851119645960821292e-02 -3.738763452295564838e-01
-5.629604473444244084e-01 -3.625751241141970255e-02 -8.256881539173862583e-01
-7.945023922473404276e-02 -6.064100065040274323e-01 -7.911729036682929594e-01
-2.073390962873438159e-01 -9.754027739211902359e-01 7.483266517768323578e-02
-4.757903838949375519e-01 7.846632667217540158e-01 -3.974003880856853410e-01
3.999899279018266918e-01 -8.210962390657413623e-01 -4.071965419415871090e-01
8.797536731594344239e-01 -3.322782308793512662e-01 -3.400362507824297720e-01
4.027367107603348900e-02 -5.579030131220654720e-01 -8.289283801194046175e-01
5.086814057486470642e-01 -4.733010647181564723e-01 -7.191865749457784229e-01
2.837457151657777343e-01 -3.023679622084715080e-01 -9.099791121531074500e-01
-9.613812437381816789e-01 -2.676361132423105693e-01 -6.416397024012687744e-02
-5.234613534081712372e-01 7.902949076662680872e-01 -3.184684763125705809e-01
7.337200516524969851e-01 -1.079274613619113365e-02 -6.793661769869742129e-01
-5.698197024011472100e-01 -8.072172495053645536e-01 -1.539669407907489906e-01
1.409703742017691941e-01 9.321889365019798701e-01 -3.333933716508484801e-01
8.928078322795360289e-02 -9.733154682867054541e-01 -2.113904939679985273e-01
-5.681065632894896078e-01 -7.864022713146167076e-01 -2.425415436963678784e-01
-7.945023922473404276e-02 -6.064100065040274323e-01 -7.911729036682929594e-01
-6.619086554576041337e-01 5.598099118722013046e-01 -4.984875067641564295e-01
3.297015119625584800e-02 -5.550627628265856206e-01 -8.311547981293339049e-01
2.786906222313897952e-01 -8.612751156456731616e-01 -4.248961193630898525e-01
-3.155834395272930776e-02 -9.962834274234385612e-01 -8.014613632837977453e-02
-9.221602668339734521e-01 -3.650590393446110360e-01 1.278762685782033059e-01
7.134708118769256258e-01 6.010086812234358700e-01 -3.602054492838041577e-01
8.797536731594344239e-01 -3.322782308793512662e-01 -3.400362507824297720e-01
-9.948379605556602057e-01 8.338588233553570483e-02 5.782929071481762717e-02
-3.391138013952343377e-01 -9.382734113421784539e-01 -6.815302833759347145e-02
5.739230102503242170e-01 -5.927663684710562375e-01 -5.650136376361569734e-01
-9.923515349957870990e-01 -6.622294795022902469e-02 1.041775031198496765e-01
-5.281486111139319650e-01 8.183703147463881056e-01 -2.265592031243095772e-01
-5.063034302280749153e-03 -9.999823939782702675e-01 -3.094740238148318244e-03
-3.786818495141753421e-02 -9.802256011422432191e-01 -1.942260832993689124e-01
8.872976996424624119e-01 -4.634282679759972601e-02 -4.588628712519702835e-01
6.211652185862317488e-01 -4.408951775393552541e-01 -6.478929029100868320e-01
7.456668218667759085e-01 -1.332328523607647086e-01 -6.528629242183360271e-01
4.059270382634061480e-01 1.164735122566707692e-01 -9.064530658281731990e-01
4.110541326453558131e-02 -5.724984683213060199e-01 -8.188747454709482954e-01
-9.156428917965585557e-01 4.017190367369464221e-01 1.482937037017510035e-02
-2.693089994659887410e-01 8.990964534339865866e-01 -3.451061144475060516e-01
-3.116319543711105200e-01 -7.752905241689621585e-01 -5.493724857950733620e-01
-3.066689927012365979e-01 8.890046933578165111e-01 -3.400364452575390661e-01
2.995248597457632680e-02 -5.495031005305037741e-01 -8.349546042098969778e-01
-1.580257667905199670e-01 7.587049719345143606e-01 -6.319767579524706580e-01
-7.950927099536241327e-01 6.063620751408761445e-01 -1.235380141708230031e-02
7.738757609955647654e-01 2.594875090669370721e-01 -5.777391618903566783e-01
-5.059531199586109196e-01 8.503572510469338264e-01 -1.445821081463727342e-01
-8.254077322646836690e-01 -3.788046019787550955e-01 -4.185799195343575252e-01
-4.470908552064710717e-01 -8.526479859658534499e-01 2.703722974328547357e-01
-3.289452530117719653e-01 -8.837231288541056440e-01 -3.329090747476420309e-01
-2.292445223147560329e-01 8.936285334548894621e-01 -3.858432235817323419e-01
-9.594997829753972862e-01 2.816623996441604549e-01 5.143840671969393541e-03
-8.002115274763004216e-01 5.992725253228529114e-01 -2.310739464363487441e-02
-5.491949459095772923e-01 7.973245153320361878e-01 -2.503168564797625950e-01
7.959294251490361960e-01 -2.639643409832128085e-01 -5.448111387180173404e-01
8.775881751860450386e-01 3.201788908907374775e-01 -3.568255492556619557e-01
-9.029708168857133455e-01 -4.296973741849165473e-01 1.967351350290332760e-03
3.246324594085421567e-02 -5.614164251213513701e-01 -8.268964477290646764e-01
-5.801518902365194741e-01 7.849438661317127419e-01 -2.174555386215612784e-01
-4.690901890981514222e-01 8.308560995101446078e-01 -2.993869342483891360e-01
-6.130116130574121691e-02 -9.971295517460539992e-01 -4.443899928307196157e-02
4.995630249001684065e-01 -8.612313621616535242e-01 -9.336661599188766925e-02
-3.929021231977813389e-01 -8.864548587601707164e-01 -2.445929372798021917e-01
-7.945023922473405664e-02 -6.064100065040273213e-01 -7.911729036682930705e-01
2.880273231300454762e-01 -7.004505243435441564e-01 -6.530002481449714846e-01
8.358461769087057736e-01 3.684269500690056653e-01 -4.069677518059026666e-01
4.064775832415556400e-01 -5.623538553879880997e-01 -7.200931298466678454e-01
-8.417007442518220639e-01 -4.869161523795278446e-01 -2.333506324779202334e-01
1.438557077792492478e-01 -5.122505944766929664e-01 -8.467023466352303629e-01
8.852322365873179777e-01 -6.589121537080101787e-02 -4.604587224101342469e-01
5.981059166885348555e-01 -7.120793740501661917e-01 -3.677122210023631710e-01
-1.156670526798986853e-01 -9.900474375726318055e-01 -8.016984645246105767e-02
8.744429942131201061e-01 3.184100329914810179e-01 -3.660116128785494416e-01
-4.377401819017706641e-01 8.974644678031801215e-01 -5.423156073136276012e-02
-2.903633149801115518e-02 -6.037267610556429354e-01 -7.966623434293855777e-01
1.422885443333276601e-01 -9.879167228694200054e-01 -6.143711277760659922e-02
9.279586662957273191e-01 6.511322742171399280e-02 -3.669509248678674007e-01
-9.708022470786991098e-01 -2.368248146981943303e-01 -3.817072451650042192e-02
9.259998729311970100e-01 -1.925163599091530009e-01 -3.247486512654618185e-01
-8.201320497435711510e-02 9.071437546961961251e-01 -4.127517928798392077e-01
-9.689044488061954175e-01 2.469765525342447754e-01 -1.505827287114903067e-02
-2.166300771914932144e-01 -3.635551946960043357e-01 -9.060347841366567234e-01
-5.731881788505426706e-02 8.848784634239948987e-01 -4.622820114223023524e-01
1.198122651084268936e-01 -9.792892211602038932e-01 -1.632104238369270488e-01
-9.958864630348570612e-01 6.666155514686232519e-02 -6.137091989960759275e-02
-8.540362935717996651e-01 -4.949297611935091767e-01 1.602078048881480643e-01
1.022351376338298118e-01 -8.967587670572282343e-01 -4.305481277847946764e-01
-7.436902522658402903e-01 4.970891981729792519e-01 -4.470202878444281547e-01
-7.592228866641954899e-02 -6.146717999227050422e-01 -7.851206177801184349e-01
-7.592228866641961837e-02 -6.146717999227050422e-01 -7.851206177801185460e-01
8.835684243023368412e-01 3.077177063626793663e-01 -3.530108394465775179e-01
4.346482055583025805e-01 8.302228452019367877e-01 -3.490142757964902476e-01
6.449217639779261102e-01 -7.297880901819513433e-01 -2.269036398478007921e-01
6.839590675684770193e-01 6.043318508499768704e-01 -4.086355441455144510e-01
8.170266485732718964e-01 4.272730793635642899e-01 -3.871758917756948359e-01
1.914976610767710197e-02 -5.876868486830710836e-01 -8.088618264839689820e-01
3.578478149516231555e-01 -9.229199554943776640e-01 -1.419989333924896735e-01
-9.495142428186928996e-01 -1.659422106704738775e-01 -2.662440335523788559e-01
7.138961759237861804e-01 -4.403364687029859836e-01 -5.444777721189166808e-01
3.918526562339433861e-01 8.497855893899766144e-01 -3.525846676580431938e-01
9.038148716849045972e-01 4.593155814224119532e-02 -4.254514892297655559e-01
8.037951815305494074e-01 4.580407726168903570e-01 -3.796208065541105126e-01
2.793299275717638780e-02 -5.931851338076966629e-01 -8.045813476244476625e-01
-9.969654137070536049e-01 -8.205310385558306149e-03 7.741212278060986829e-02
1.341314534601936448e-01 1.315362474669457861e-02 -9.908762462329384624e-01
-7.945023922473409828e-02 -6.064100065040272103e-01 -7.911729036682931815e-01
-1.444181440620876944e-01 -1.634222707532016761e-02 -9.893817924744121584e-01
-4.439141361813269682e-01 -8.960181531104869368e-01 9.576481340147329976e-03
-6.999810010208445954e-01 6.741393497378100896e-01 -2.357174905367415696e-01
8.358385082218053874e-01 -1.415461543418813084e-01 -5.304136822938971818e-01
4.896845495138465454e-01 3.967847287560360980e-01 -7.763832307523264031e-01
1.689130498018577564e-02 -5.826356119618053553e-01 -8.125579533116138453e-01
-9.866270813342974400e-01 -1.287226286910997386e-01 9.998743541374904842e-02
1.609246266567286310e-01 -1.490529664907575269e-01 -9.756466971786957876e-01
-1.396748947803521657e-01 -9.019043833987345771e-01 -4.087290141086709072e-01
-8.500479571663946965e-01 5.130786260508852781e-01 -1.190327434237109377e-01
8.826628853490648963e-01 2.902244502009435623e-01 -3.696971724706903939e-01
1.091940015901974592e-01 -9.245923257233352732e-01 -3.649735623716245936e-01
-1.652124841486527218e-01 -9.841349343707750386e-01 -6.467817276687405637e-02
-5.299816764737290409e-02 8.028743690393328469e-01 -5.937877918631486729e-01
-7.945023922473404276e-02 -6.064100065040274323e-01 -7.911729036682929594e-01
-1.581547293472620741e-01 7.969162615845806208e-01 -5.830193423953879961e-01
9.249483637934446945e-01 -1.609176675198198680e-01 -3.443487020388054654e-01
-9.316639473198816412e-02 9.230555616088572668e-01 -3.732136828622452107e-01
-7.945023922473401501e-02 -6.064100065040274323e-01 -7.911729036682929594e-01
-3.155834395272930776e-02 -9.962834274234385612e-01 -8.014613632837977453e-02
-1.200217136013428986e-03 -9.999870356256967963e-01 -4.948541134314555882e-03
7.737584639861938562e-01 -2.071329320506623550e-01 -5.986599935437656450e-01
-5.667965128768001071e-01 8.157089448791789987e-01 -1.155881924540558964e-01
6.213984781081415276e-01 6.587888765993965556e-01 -4.241003978703516419e-01
2.041401560784337210e-01 6.011488815631729210e-01 -7.726233357022158632e-01
-7.956061258171602812e-01 -5.333875322381026463e-01 -2.872431600841976462e-01
8.790918248512002986e-01 2.922287212444384941e-01 -3.765633252981849810e-01
7.239991913144427915e-01 -1.685314331514600750e-01 -6.688963499795372858e-01
5.799785833953814418e-01 7.133451128374040939e-01 -3.934000416798117405e-01
-1.315588405153355900e-01 -9.840660678104395931e-01 -1.196087190231543557e-01
-3.432591201362630295e-01 -9.392275969524337409e-01 4.969664599868095674e-03
-1.166291321536766235e-01 -9.816509779152747805e-01 -1.508608732941220942e-01
-8.336439874328256394e-01 5.044940138984176370e-01 -2.247743138300323518e-01
1.717950443770286384e-01 6.817844992406637550e-01 -7.110951830259099049e-01
4.914122994089723528e-01 -4.610153125531448598e-02 -8.697060427555404205e-01
-1.077799989107324219e-01 -9.401923164235522767e-01 -3.231437450623443342e-01
6.515380209279909574e-01 -5.660726179924370216e-01 -5.050346507363876469e-01
8.836986037138508943e-01 2.964439036329986066e-01 -3.622123545560252400e-01
-5.296060433956892854e-01 -8.441141623942780559e-01 8.359856245276880982e-02
-5.013617426065385407e-01 -8.649205381583959795e-01 2.342788343674294393e-02
-5.593029999203478209e-01 -8.284791680999203933e-01 2.832705958202223762e-02
6.315043591887777030e-02 -5.761881345256399944e-01 -8.148737669572623243e-01
3.778780865444369419e-01 8.335252934651394829e-01 -4.030430955411199445e-01
-5.819785346177099861e-01 -2.285585669961319177e-01 -7.804242222643384963e-01
-9.041816088269305496e-01 4.212351107349687207e-01 -7.082795876800533630e-02
-5.415148884923709494e-01 -5.477797056371914719e-01 -6.377295819021779888e-01
-1.922633844456579921e-01 -9.582584361704792331e-01 -2.116023641399332189e-01
-8.865606912763348557e-01 -4.277148820513128058e-01 -1.762671845678002169e-01
-1.652124841486528328e-01 -9.841349343707750386e-01 -6.467817276687413963e-02
-3.855932902904327109e-01 -6.802707249745865159e-01 -6.233374328768878092e-01
-9.649212735076034830e-01 4.620784825372682009e-02 -2.584410391022010645e-01
-8.850054699159025651e-01 -3.899072228680963703e-01 -2.544359954374010857e-01
-2.877983347875499587e-01 -9.555893981580017016e-01 6.341151805107200778e-02
-6.353018092796286487e-01 4.943891176560853973e-01 -5.932714483853641640e-01
1.527546157097910487e-02 -9.976543636873853593e-01 -6.672653811874032503e-02
8.322837869349597462e-01 -4.813039398155821713e-01 -2.750458425848334443e-01
6.037834729487340235e-01 -5.703361725335069909e-01 -5.569220484895484047e-01
-9.034092432140666817e-01 -4.274647198592597119e-01 3.355074590872830775e-02
-7.592228866641954899e-02 -6.146717999227050422e-01 -7.851206177801184349e-01
5.731644801823887470e-01 -5.172943645592805728e-01 -6.355226345713125280e-01
6.920228957057092400e-02 -9.843208942999037703e-01 -1.622449387895619211e-01
-8.540362935717996651e-01 -4.949297611935091767e-01 1.602078048881480365e-01
-8.331415602435534584e-01 -5.526684361413360946e-01 2.080241063020365697e-02
9.205454361831826304e-01 1.327927909998670442e-01 -3.673719839356010541e-01
9.235459136451674711e-01 1.043376238511489751e-01 -3.690211452456469976e-01
-5.291931811173630207e-01 -3.374339416085772037e-01 -7.785196928205382338e-01
7.688384556954158677e-01 4.923010412238225109e-01 -4.080773380792276916e-01
-6.209578692881351225e-01 -7.676016701211239024e-01 1.587419308072086643e-01
-2.521630805999527380e-01 -8.544017891297919221e-01 -4.543251737623087427e-01
-9.852322932062185235e-01 1.663906303978677226e-01 4.039166423181653892e-02
-6.391025423356657686e-01 -7.481392794477884634e-01 1.784252194266059133e-01
9.165689180508117540e-01 1.589653952680663840e-01 -3.669215468876575459e-01
8.839892028918577838e-01 2.485852097778914471e-01 -3.959399988007017424e-01
1.153218375994840006e-01 -5.085542109275672518e-01 -8.532722240413768144e-01
3.256730448125998434e-01 1.195554890752914684e-01 -9.378931457871190203e-01
-9.927973650566270791e-01 7.934881331537779747e-02 8.976167201016106711e-02
8.636983196914624905e-01 2.028422468808381840e-01 -4.613894617809097265e-01
-4.379117894648673626e-01 -3.073621744722245253e-01 -8.448442213517137755e-01
-3.155834395272934245e-02 -9.962834274234385612e-01 -8.014613632837984392e-02
-9.463875590417485384e-01 -2.366723296519473441e-01 -2.198563086839238345e-01
-3.037370235892319359e-01 -9.518277132901552529e-01 -4.204550765525510297e-02
-8.459780226466654396e-01 3.295023216991644355e-01 -4.192247669135236721e-01
4.193945527016009756e-01 -6.268768074370477672e-01 -6.566077043880603759e-01
-6.851578808279037980e-02 -5.923692982591445277e-01 -8.027479064210401027e-01
-8.353622399900645368e-01 -5.434060396551195771e-01 -8.294458430253690007e-02
8.642858206161315726e-01 2.756714838079024621e-01 -4.207318068521196941e-01
1.179343385164403207e-01 -6.388352040257322395e-01 -7.602506651730668308e-01
-4.791426939551924474e-02 8.282728178327405377e-01 -5.582726592156431744e-01
-6.553701742100350239e-03 -1.185143736023123034e-01 -9.929307086816918648e-01
-3.710368302279824504e-01 -2.005954135968592844e-01 -9.066935263132059886e-01
