1.312525939931455388e-01 1.125602808016658712e-01 5.237500248767901212e-01
1.404746857427174589e-01 1.117224715128231766e-01 5.239166915513729927e-01
1.294761695885050801e-01 1.114271281211947628e-01 5.210000247461721301e-01
1.249737553473619783e-01 1.113409199191586069e-01 5.202727519843558524e-01
1.392241210663137385e-01 1.104226956276838922e-01 5.208750247402349487e-01
1.352903848931149011e-01 1.091341862845461169e-01 5.158125244997791015e-01
1.296163026446993383e-01 1.079925507480665736e-01 5.104166909101574001e-01
1.248396346111659838e-01 1.079149724258965104e-01 5.100500242260750383e-01
1.225665703103814008e-01 1.085391252906282161e-01 5.130000243661925197e-01
1.204616972999630609e-01 1.108315450452573153e-01 5.205500247247982770e-01
1.193365601208844495e-01 1.115624088679844916e-01 5.241875248975702561e-01
1.383109109353558019e-01 1.079460879599639517e-01 5.142500244255643338e-01
1.366907031583740884e-01 1.076837007748400743e-01 5.130000243661925197e-01
1.339783489902518776e-01 1.072245232008732785e-01 5.108125242622918449e-01
1.295013796657767668e-01 1.066971249587742865e-01 5.083000241429544985e-01
1.192733462040117542e-01 1.085815610623958316e-01 5.143571672877962353e-01
1.163388292739369057e-01 1.082609525821126017e-01 5.157500244968105108e-01
1.438952993760940491e-01 1.103006713829977475e-01 5.254643106724999901e-01
1.425728886159471631e-01 1.087024565442984425e-01 5.220000247936695814e-01
1.294015447215349501e-01 1.050790413261551703e-01 5.046000239672139287e-01
1.157021778865696959e-01 1.088513394268803280e-01 5.206250247283605859e-01
1.457220042043974872e-01 1.072639439915978876e-01 5.192500246630515903e-01
1.396932293876134712e-01 1.068185436866204430e-01 5.146000244421884418e-01
1.286475254824029635e-01 1.029603031638175320e-01 4.984166903401880400e-01
1.442559704796649855e-01 1.060726113762310296e-01 5.155625244879047386e-01
1.297496678788859770e-01 1.023409337792645368e-01 4.994500237226020545e-01
1.246659263149224456e-01 1.022779979762740016e-01 4.991428808508707182e-01
1.194596971481393377e-01 1.034260747155054533e-01 5.012500238080974668e-01
1.155674750139107781e-01 1.063386521122917094e-01 5.133889132735526273e-01
1.139133875783579636e-01 1.065159570340185186e-01 5.184166912901370106e-01
1.131744082367752008e-01 1.071664998829820054e-01 5.230000248411670327e-01
1.463060422493178692e-01 1.031949939120064969e-01 5.077500241168309003e-01
1.444456865572703863e-01 1.030764373787085991e-01 5.071666907557906834e-01
1.420726374164856254e-01 1.025852745979030645e-01 5.047500239743385464e-01
1.195358970870305931e-01 1.019026566840728482e-01 4.995227509987836823e-01
1.463060422493178692e-01 1.023483237406781765e-01 5.077500241168309003e-01
1.335704472774059404e-01 1.005204823771237987e-01 4.966250235884217545e-01
1.246252591202351989e-01 1.002040520692622921e-01 4.949038696605174703e-01
1.133244631028142435e-01 1.022036546473534813e-01 5.042500239505898207e-01
1.347661414205438279e-01 9.833649450514890533e-02 4.919166900314546065e-01
1.296462181834426020e-01 9.996602488309619394e-02 4.945625234904582612e-01
1.299001162289291911e-01 9.844311038941673531e-02 4.924500233901198953e-01
1.209249822861346996e-01 9.842811753069155567e-02 4.923750233865575865e-01
1.194188098208619347e-01 9.962013938413667724e-02 4.949545689636248857e-01
1.494800318250468496e-01 1.017845729226373036e-01 5.084583574838082987e-01
1.449053726650069429e-01 1.011167244955509525e-01 5.058182058432563188e-01
1.392817364689346582e-01 1.012628922988306479e-01 5.007692545544929486e-01
1.388019340689813641e-01 9.841869740626325858e-02 4.950833568485298319e-01
1.113381666013512628e-01 9.821005683591632618e-02 4.954166901976956860e-01
1.099159404373576121e-01 1.043884110604875182e-01 5.189375246482086368e-01
1.595299952634204599e-01 1.064403359278235373e-01 5.335625253428588621e-01
1.445644008559852645e-01 9.875070487585219103e-02 5.002500237606000155e-01
1.419838548859702065e-01 9.685976630714542013e-02 4.927500234043691307e-01
1.065708522809199754e-01 1.036108291254246722e-01 5.248750249302247539e-01
1.469679449434379559e-01 9.715879677616820476e-02 4.985000236774794757e-01
1.442095889492362171e-01 9.697901997688980480e-02 4.947500234993640333e-01
1.345913362173436767e-01 9.627981286211148571e-02 4.897894969479621996e-01
1.295707357803527748e-01 9.629372762320162482e-02 4.898611343782653949e-01
1.142090437105764411e-01 9.711889336775555992e-02 4.931389123117292383e-01
1.052792521766343220e-01 1.040593434724808308e-01 5.293750251439632848e-01
1.341190071589998534e-01 1.049056441996796263e-01 5.062000240432098508e-01
1.073809289258211008e-01 9.739034236052081239e-02 5.040000239387154579e-01
1.056233938259292793e-01 9.854435028890984327e-02 5.063333573828762146e-01
1.614345687210702041e-01 1.020095936868875564e-01 5.325000252923928201e-01
1.492272602192464270e-01 9.629735542963988038e-02 5.005000237724743783e-01
1.399172266948886245e-01 9.519549933805650233e-02 4.890178803699590238e-01
1.386188390302690310e-01 9.364371993673670236e-02 4.867083564507386773e-01
1.347855331594672856e-01 9.351954776800532054e-02 4.860625230867299251e-01
1.301879207218094858e-01 9.355684076243306335e-02 4.855555786182069178e-01
1.161214940333461371e-01 9.347256092640172931e-02 4.868750231253216043e-01
1.147993553519109089e-01 9.519204209009562989e-02 4.900750232773134485e-01
1.082977740110969006e-01 9.672584861300177750e-02 4.997000237344764173e-01
1.037800956764098337e-01 1.021158199756358187e-01 5.307500252092722803e-01
1.580239792410475796e-01 9.898528008310054915e-02 5.212500247580464929e-01
1.517272971804894399e-01 9.556708336080642352e-02 5.032500239030923694e-01
1.437947169476904152e-01 9.411896241087538972e-02 4.898889121573625216e-01
1.104320068447251640e-01 9.383822404920268145e-02 4.908269463899509466e-01
1.042443538375550927e-01 1.005856564514629875e-01 5.205416913910690946e-01
1.038661026155752870e-01 1.013426248025185994e-01 5.252083582793906080e-01
1.029835421765723791e-01 1.013115528524396042e-01 5.335000253398902714e-01
1.294980956932806626e-01 9.166810088335801410e-02 4.836250229709548876e-01
1.121723690702395582e-01 9.231150907484636514e-02 4.882500231906305999e-01
1.074506879705430934e-01 9.275147751421554398e-02 4.927500234043691307e-01
1.014399765499890693e-01 9.806904065937351034e-02 5.210000247461721301e-01
1.012410880331202911e-01 9.915137652077735120e-02 5.267500250192824751e-01
1.194139160433311808e-01 9.131171470209098473e-02 4.838750229828292504e-01
1.053396189961109258e-01 9.434319943190186408e-02 5.012045692604839564e-01
1.041793762483400748e-01 9.581780239849001235e-02 5.049881192237426486e-01
1.378226880099125973e-01 8.881068133803078635e-02 4.825000229175202549e-01
1.295870925840873766e-01 8.890329940900126848e-02 4.808194672821425875e-01
1.246644549216194414e-01 8.882639781045122140e-02 4.804028005956852976e-01
1.198408771008118989e-01 8.885233136031225887e-02 4.810000228462740779e-01
1.156592699474769947e-01 8.853357158381450209e-02 4.819285943189502985e-01
1.144548228178466215e-01 9.085245258812792157e-02 4.851071658984957291e-01
1.023349867281331121e-01 9.234783995166441495e-02 5.040000239387154579e-01
1.011350782859815750e-01 9.349411950954650274e-02 5.064166907201675949e-01
1.455710560086841965e-01 9.092839858900272909e-02 4.886250232084421441e-01
1.438066385003918535e-01 8.944832286207186900e-02 4.864000231027603149e-01
1.400779977453108505e-01 9.048488595321714512e-02 4.849907637765648594e-01
1.105750020770066983e-01 8.902117823462464552e-02 4.858393087904135377e-01
1.089797341711147699e-01 9.093287670292675429e-02 4.893863868809686379e-01
1.029301121077998982e-01 9.162991182470268947e-02 5.000833570860171440e-01
1.590743181858993993e-01 9.509545382218208276e-02 5.190000246511772275e-01
9.973538392496722471e-02 9.483134542203973394e-02 5.162727517943660471e-01
9.975160658456309892e-02 9.620740152393589262e-02 5.212500247580464929e-01
1.247108445890550144e-01 8.608556421438648409e-02 4.785278005066275764e-01
1.041201682727919825e-01 9.064105141542568023e-02 4.949125235070823692e-01
1.533547117696135997e-01 8.905785302463620212e-02 5.012500238080974668e-01
1.612706977649939477e-01 9.103147872023784060e-02 5.205000247224234045e-01
1.553966824461065765e-01 8.975574392132647239e-02 5.064500240550842136e-01
1.474511518529774690e-01 8.546931141863875481e-02 4.863750231015728787e-01
1.346222974537789330e-01 8.531212344216139443e-02 4.790781477549899137e-01
1.297866349890011706e-01 8.549864391450009982e-02 4.786730996588280940e-01
1.277405765351930234e-01 8.402721245856049903e-02 4.774166893427415626e-01
1.244866606126033837e-01 8.376398762200493175e-02 4.768461764951308357e-01
1.202646868619635795e-01 8.374400361894331069e-02 4.771250226622214541e-01
1.194253608585200688e-01 8.584529770076379518e-02 4.787900227413047216e-01
9.955969165264220988e-02 9.034237251160447124e-02 5.050000239862129092e-01
9.702214972466477461e-02 8.867043172173022514e-02 5.070000240812078118e-01
1.396767636928008260e-01 8.511830052961891213e-02 4.805172642026546148e-01
1.364658843455663073e-01 8.275818454578677541e-02 4.777500226919073611e-01
1.177319479050181333e-01 8.275818454578677541e-02 4.777500226919073611e-01
1.146832939175695815e-01 8.515489532472286793e-02 4.800178799424819620e-01
1.111804313705949121e-01 8.429621931297161253e-02 4.816041895416371399e-01
9.655554657365511551e-02 8.859688137658570939e-02 5.090000241762027144e-01
1.450545520652188891e-01 8.529208921423016287e-02 4.842608925663744457e-01
1.091476331073772399e-01 8.555464191948275454e-02 4.845603678429675765e-01
1.702631101652756218e-01 9.417631304483188581e-02 5.436666924894476560e-01
1.557710726250734201e-01 8.541214104688336917e-02 5.027500238793436438e-01
1.525918714567174872e-01 8.435032924868740567e-02 4.965000235824845731e-01
1.488897829859862076e-01 8.544264895035533214e-02 4.895000232500024140e-01
9.621223401921892571e-02 8.914469660745899526e-02 5.162778022996563632e-01
2.882639694236708294e-01 9.309006701885107204e-02 5.533750262839021161e-01
1.512421582421344946e-01 8.498152090581452545e-02 4.941250234696781263e-01
1.136736257653714471e-01 8.155944004520473967e-02 4.783636590846898629e-01
9.649043725859203502e-02 8.997647272171604982e-02 5.296250251558376476e-01
1.582498764289747006e-01 8.610953242153131237e-02 5.093750241940142587e-01
1.541609102216195959e-01 8.540713850920635120e-02 5.002500237606000155e-01
1.077238290609681126e-01 8.123767545718375838e-02 4.829166896039775447e-01
9.907128844107686294e-02 8.555239412204551641e-02 5.000714523235468834e-01
9.561857844111980309e-02 8.781607068002482419e-02 5.272500250430312008e-01
9.765431441106937893e-02 9.140742509154675677e-02 5.451666925606938330e-01
1.344319792399521207e-01 8.044338973344168642e-02 4.765220814571127228e-01
1.295423647947214763e-01 8.042943295570371964e-02 4.757430781521381769e-01
1.246185154833489434e-01 8.042812332821075438e-02 4.754189415001058849e-01
1.196447639603907681e-01 8.034788905717513141e-02 4.758500226016622037e-01
9.672965316918000211e-02 8.406085064699367337e-02 5.021875238526263274e-01
9.628410820419350258e-02 8.543335440937951941e-02 5.053500240028370172e-01
9.659434406794709105e-02 9.031707617797060661e-02 5.477500260167289525e-01
2.761357705394443252e-01 9.201589365446143087e-02 5.572500264679547399e-01
1.677516582672414491e-01 8.650655281943325781e-02 5.300000251736491919e-01
1.431121357720378240e-01 8.057088155398443863e-02 4.813333561954398765e-01
1.399749890239233019e-01 8.036850076972973378e-02 4.787826314366058211e-01
1.377143112858654761e-01 7.912965664465608506e-02 4.771428798059267895e-01
1.149198630341450866e-01 7.967844903797494105e-02 4.767282835129425522e-01
1.097545479293725451e-01 8.028573674189272424e-02 4.801597450285852720e-01
1.027022401712415628e-01 8.121270485307878484e-02 4.884166898652135269e-01
2.796538742654938736e-01 9.141409110634789170e-02 5.564545718847181410e-01
1.486984981250238924e-01 7.959908148751536350e-02 4.860278008628584612e-01
1.457650474013861830e-01 8.012210642136508021e-02 4.834722451859205794e-01
1.060492537760218817e-01 7.849492866206811414e-02 4.819000228890217841e-01
9.540392480188018831e-02 8.476403485013289663e-02 5.098636605808596345e-01
9.463906246682227130e-02 8.487626079033430693e-02 5.147500244493130594e-01
9.401027859714621016e-02 8.520545948802078773e-02 5.197500246868003160e-01
1.075811841542876623e-01 8.774371445724421514e-02 4.877500231668818742e-01
9.346375414597574149e-02 8.278041868361440958e-02 5.177500245918054134e-01
2.887595941529761956e-01 9.004068588453380262e-02 5.557262168717681527e-01
2.744707159468292024e-01 9.007000791807397155e-02 5.587396098720395221e-01
1.144421697264652871e-01 1.010269761657955484e-01 4.999500237463507801e-01
2.047392709462017013e-01 8.883366177911825035e-02 5.585250265285139903e-01
1.997085673154853636e-01 8.887612406117140207e-02 5.587916932078466070e-01
1.616330031229439579e-01 8.165258457896369670e-02 5.133750243840040639e-01
1.581926731145372744e-01 8.034249674862743718e-02 5.051250239921500906e-01
2.903476491975178764e-01 8.725701960190887507e-02 5.573750264738919213e-01
2.646260935570981521e-01 9.010849549338667552e-02 5.594062765703711193e-01
2.596573167718080888e-01 8.996984436308169686e-02 5.599015417454100696e-01
1.737269321683403145e-01 8.638810550213608941e-02 5.460000259336084127e-01
9.606551674131116880e-02 7.972680474075390100e-02 4.996833570670181079e-01
9.432184828231922336e-02 8.471611011846769124e-02 5.298500251665245742e-01
2.545956961379044481e-01 8.698197834103660320e-02 5.616000266745686531e-01
2.497484985914111555e-01 8.708910536208221143e-02 5.622916933740876866e-01
1.607591472484991568e-01 7.929846830988547535e-02 5.092500241880770773e-01
1.246621249581648938e-01 7.535750367042094722e-02 4.737916891705633016e-01
1.195671330712340386e-01 7.538557412464522156e-02 4.739653002899204548e-01
9.511370021802191543e-02 7.993150161816307830e-02 5.052143097106766012e-01
9.394801440217791233e-02 8.173920774480424034e-02 5.277500250667799264e-01
9.619398665888118094e-02 8.662485278238100939e-02 5.533333596152564260e-01
2.648868605481720651e-01 8.678872224921195533e-02 5.615666933396520344e-01
2.594777631147486829e-01 8.657882063914568160e-02 5.620250266947550699e-01
1.759174043696516143e-01 8.426822023571901854e-02 5.500000261235982180e-01
1.464886077108377704e-01 7.564567860138854405e-02 4.832000229507684708e-01
1.404954401417095600e-01 7.539333434292791458e-02 4.784062727230775636e-01
1.146266926924287555e-01 7.536786109163462477e-02 4.749535109311732173e-01
1.107627378363217480e-01 7.462395931269860672e-02 4.766785940695886792e-01
1.086011490299876453e-01 7.578892515523913409e-02 4.785568409120473654e-01
9.502260409070709124e-02 8.088292573636582383e-02 5.107272969855164435e-01
2.294574654777262468e-01 8.610638271277082367e-02 5.620000266935676336e-01
1.690337595502395263e-01 8.095251185809808347e-02 5.312500252330210060e-01
1.542775898739977836e-01 7.629816652309974467e-02 4.935000234399922192e-01
1.485765457942961054e-01 7.573778103386760718e-02 4.850781480399746215e-01
1.054172957205413985e-01 7.490320852290792419e-02 4.809435712306895372e-01
1.030688548747032557e-01 7.573381549532162693e-02 4.837656479776342167e-01
9.360564645538564654e-02 8.005964437638476983e-02 5.158593995020055445e-01
1.707042108210889697e-01 8.309442909538129751e-02 5.365000254823826253e-01
2.699202955590692676e-01 8.611972709347927302e-02 5.611200266517698543e-01
2.194871754332004821e-01 8.645191821052258807e-02 5.613684477162008690e-01
2.145873710852133909e-01 8.590151069909504611e-02 5.608981747893806435e-01
1.947772280004049783e-01 8.602094686744347907e-02 5.612211805027282896e-01
1.899570711401377399e-01 8.598444157680674993e-02 5.614519497444584450e-01
1.742381927824867560e-01 8.210254120633057873e-02 5.447500258742365986e-01
2.893747541888095909e-01 8.501050054281535096e-02 5.591774459143409315e-01
2.844896266914564986e-01 8.531274324868141912e-02 5.598819710374098868e-01
2.400206394464402537e-01 8.435225155709906442e-02 5.637692575468323808e-01
2.294320778847421249e-01 8.404686510453532322e-02 5.636136631338476422e-01
2.047931131721887343e-01 8.542732824922047441e-02 5.608281516379065579e-01
1.998285544523762947e-01 8.564770432608623252e-02 5.609297141427305178e-01
1.947084077327030371e-01 8.347449445393985423e-02 5.632083600842937576e-01
1.891712109412090337e-01 8.360618943528132230e-02 5.630416934097107751e-01
1.806989548936723256e-01 8.588574540911469990e-02 5.605625266252900474e-01
9.768748642659152992e-02 7.572289726750149053e-02 4.946666901620725976e-01
9.361423415205175069e-02 7.925771581345132655e-02 5.258750249777222052e-01
2.595866694395580487e-01 8.416152177254372646e-02 5.645500268146861345e-01
2.546149408841472672e-01 8.470418771527213342e-02 5.646827191286809544e-01
2.496703241696043851e-01 8.466300488373437738e-02 5.646442575883926507e-01
2.448381747191510915e-01 8.449463593739246769e-02 5.640454813361760467e-01
1.509096918586804448e-01 7.197660163722709170e-02 4.883750231965677813e-01
1.829085769388378024e-01 8.205782958481404321e-02 5.620833600308591249e-01
1.812649675463217369e-01 8.202119334252608307e-02 5.618333600189847621e-01
1.779604663954930943e-01 8.018968239534762787e-02 5.535000262898392975e-01
1.718393190865369902e-01 7.783542342710120243e-02 5.372500255180057138e-01
1.594043614387629926e-01 7.526535677637592736e-02 5.049583573175672191e-01
1.693604829340555062e-01 7.582968482628664464e-02 5.295000251499004662e-01
1.348167586280153152e-01 7.024300294441812587e-02 4.752365090590083829e-01
1.246914900247968888e-01 7.023785515138349089e-02 4.739030837336773438e-01
1.146576661914393974e-01 7.023690443034275033e-02 4.745798097753728961e-01
1.105516718154566091e-01 7.037369026152218154e-02 4.766730995638331914e-01
9.341132740514436483e-02 7.448049635097554744e-02 5.111666909457804886e-01
9.204352091210243891e-02 7.378660804207326507e-02 5.122500243305694312e-01
9.474269529987143501e-02 7.693956217737960013e-02 5.372500255180057138e-01
1.348786372921039478e-01 1.019304634068105703e-01 4.992500237131025642e-01
1.682410085426122859e-01 7.445134795337016165e-02 5.260000249836593866e-01
1.054039168135689902e-01 7.027651463211889715e-02 4.808919147330311117e-01
9.304027239067605426e-02 7.623291930908912550e-02 5.136250243958784267e-01
1.820620604098261985e-01 7.973546182871389665e-02 5.633333600902309390e-01
1.533852679294874510e-01 7.072681251025478288e-02 4.919583567001002966e-01
1.489556742239011855e-01 7.004836861403435089e-02 4.851875230451696552e-01
1.027199477625522911e-01 7.014120309515692320e-02 4.837500229768920690e-01
1.010388248320586574e-01 7.034658449554181958e-02 4.858333564091784074e-01
9.360978374871672947e-02 7.530538427694337400e-02 5.258500249765347689e-01
1.544461915818293174e-01 1.044231824107800383e-01 5.209166914088806388e-01
2.397358966716957585e-01 8.097013782793253955e-02 5.661731038148550832e-01
2.345668203432682286e-01 8.057173063895391174e-02 5.658257844510389267e-01
2.294953059130063200e-01 8.056166542995199520e-02 5.657500268716830760e-01
2.195523183058625816e-01 8.044970729755762662e-02 5.656379579008428138e-01
2.095495033658599515e-01 8.023986248652495434e-02 5.644219018086005235e-01
2.046323291132322031e-01 8.034634057756455394e-02 5.644516397132387509e-01
1.897493389906064198e-01 8.047297124330790585e-02 5.652344018471922027e-01
1.872789325983545416e-01 7.846730712446527145e-02 5.677500269666779786e-01
1.851638276020020901e-01 8.047558940311157205e-02 5.644643125249005911e-01
1.558830052813876543e-01 6.920777986257495296e-02 4.977500236418563873e-01
9.884519114037480791e-02 7.001537566335765128e-02 4.901339518515409610e-01
9.403702246887823968e-02 7.300811094407534674e-02 5.282500250905286521e-01
2.222335608768284676e-01 7.748645230115384919e-02 5.675000269548036158e-01
1.821628456427288045e-01 7.703233095529227192e-02 5.607500266341958195e-01
1.738812009620824273e-01 7.519769262164166523e-02 5.408125256872153841e-01
1.595806680589744175e-01 7.027853914892223663e-02 5.036500239220913500e-01
9.546557446265227509e-02 7.005894773695915678e-02 4.955403461175474922e-01
9.339138494083508435e-02 7.064309445930738729e-02 4.991136600702619774e-01
9.200633297927632293e-02 7.114852244278796478e-02 5.111000242759473622e-01
9.524969436732072525e-02 7.509673451857692972e-02 5.401250256545608863e-01
2.143745343971596995e-01 7.691122932257325739e-02 5.667500269191805273e-01
2.095995604846117022e-01 7.689424519677552639e-02 5.666250269132433459e-01
1.157489316930137707e-01 1.037073078228185896e-01 5.053000240004621446e-01
2.046589795382535992e-01 7.686822313169444643e-02 5.667500269191805273e-01
1.995966622534323942e-01 7.699118567465362828e-02 5.670227542048617009e-01
1.381471028804390211e-01 6.612124126128407497e-02 4.770961765070051985e-01
9.156660405093663968e-02 6.857338183302848222e-02 5.037500239268410951e-01
1.345891844689520445e-01 6.527157837510340344e-02 4.758672101024785661e-01
1.196868397372103515e-01 6.517094141426958698e-02 4.750197594043321092e-01
9.445239344681301275e-02 7.156013315801783292e-02 5.305833585346894088e-01
9.570415642784314836e-02 7.343032502690391428e-02 5.458000259241089225e-01
1.568447516709615963e-01 6.635899343843799925e-02 4.981666903283136771e-01
1.441391873074049368e-01 6.546331179629134855e-02 4.811190704709761290e-01
1.403724199757656610e-01 6.505845693201507685e-02 4.787307919692606051e-01
1.036796524977136869e-01 6.491653372590817928e-02 4.848064746399740610e-01
9.604959097388450495e-02 7.152743211184496575e-02 5.472500259929802269e-01
1.145721751640442349e-01 1.042923899434479579e-01 5.098000242142006755e-01
2.047139045912970690e-01 7.434484639138413953e-02 5.688125270171440206e-01
1.998313110860084896e-01 7.427676755007153742e-02 5.688095508265265110e-01
1.947156796768773901e-01 7.443413444128102463e-02 5.690217661575170949e-01
9.987994460421799336e-02 6.508804854315322630e-02 4.902647291686769160e-01
9.644449564211884929e-02 7.044729196085984524e-02 5.495000260998494923e-01
9.795042535960019059e-02 7.490304112532573944e-02 5.694500270474236459e-01
1.732984487573094590e-01 7.044857014152680619e-02 5.390000256011262536e-01
1.546658506539451694e-01 6.494284229274940867e-02 4.954722457558899951e-01
1.064862190255046193e-01 6.197821605108532611e-02 4.818750228878343478e-01
9.585938637964190601e-02 6.562500608270742386e-02 4.952884850634011182e-01
9.285210235496131614e-02 6.667793453418968674e-02 5.167500245443079621e-01
9.520525334431979847e-02 6.900807914475834415e-02 5.348125254022306763e-01
9.878884610540575317e-02 7.225150724499480870e-02 5.710000271210446954e-01
1.603395104166641660e-01 6.308932699763770968e-02 5.052500239980872720e-01
9.160186732853950464e-02 6.527229917140774107e-02 5.032500239030923694e-01
9.316655069385089416e-02 6.474382196590826311e-02 5.185000246274285018e-01
9.774060282913679676e-02 6.966994101703419262e-02 5.542500263254623860e-01
9.681576372097920602e-02 6.966994101703419262e-02 5.542500263254623860e-01
9.235796925099200305e-02 6.889592406926042800e-02 5.140000244136899710e-01
1.694915391136062321e-01 9.055861018673751206e-02 5.383333589027946564e-01
1.783623644677503062e-01 6.880774926504647226e-02 5.547500263492111117e-01
1.479543102362683438e-01 6.125674120788188876e-02 4.862500230956356972e-01
1.431911644156322050e-01 6.140417075405348035e-02 4.817500228818971664e-01
1.150258742398759387e-01 6.121634878386664896e-02 4.768148374623032426e-01
9.162880371242443367e-02 6.224682556176645148e-02 5.052500239980872720e-01
9.793635772211523038e-02 6.874562823051100224e-02 5.580000265035778284e-01
1.685608583687389084e-01 6.448704194497545394e-02 5.270000250311568379e-01
1.396491933015333031e-01 6.033652120445785749e-02 4.800083561325057535e-01
1.340022766638027663e-01 6.096657050463837046e-02 4.767037263459146801e-01
1.295895958155197369e-01 6.021811906860458086e-02 4.759166892714953856e-01
1.246022858343544953e-01 6.012431340972312216e-02 4.759945878259199681e-01
1.177319479050181333e-01 5.806217882463420021e-02 4.777500226919073611e-01
1.139411436161934937e-01 5.911783709482965055e-02 4.782375227150623687e-01
2.243572390738051148e-01 8.616024933708064937e-02 5.620139155831161970e-01
1.011058139857305277e-01 6.134905829726261528e-02 4.913214519079441844e-01
1.447934126924666776e-01 5.957621935075076841e-02 4.842024039507599742e-01
1.287713518599558071e-01 5.721159420078856389e-02 4.773000226705335081e-01
1.252231217901139393e-01 5.722807564684473380e-02 4.774375226770644076e-01
1.081198142133660556e-01 5.808578788438878426e-02 4.832500229531433433e-01
9.491847715337846381e-02 6.331871912123729351e-02 5.282500250905286521e-01
1.224831661355130774e-01 1.125334167728349183e-01 5.236250248708529398e-01
1.668812487196283945e-01 6.231966775111726087e-02 5.272500250430312008e-01
1.595497813342093285e-01 6.113418310935974515e-02 5.047500239743385464e-01
1.496350418444551411e-01 5.977591401517407671e-02 4.894091141547753931e-01
9.629485837532876513e-02 6.583713582812025789e-02 5.392500256130006164e-01
9.759734513689066748e-02 6.525891852290433004e-02 5.482500260404776782e-01
1.542524671474567732e-01 6.041487427805798671e-02 4.952788696783290145e-01
2.242757757055349466e-01 8.384165527008352603e-02 5.641041934601768171e-01
9.929333085933041148e-02 6.009570696197263223e-02 4.949355073791417703e-01
9.792549196007820089e-02 5.877638194637115066e-02 4.992857380005131795e-01
9.486156036766724142e-02 6.190206803212640330e-02 5.218750247877324000e-01
9.960002663764765118e-02 6.519857632524185542e-02 5.595000265748240054e-01
8.965226914931097302e-02 6.791761138199904624e-02 5.828333610164312395e-01
1.561961805807977610e-01 5.728771161450185723e-02 4.987500236893538386e-01
1.110995423583033825e-01 5.692780423348062224e-02 4.816389117655085483e-01
1.062298400480356925e-01 5.681497848464945460e-02 4.866875231164158322e-01
9.474123157076203006e-02 6.025558948905595374e-02 5.048478500659415724e-01
9.376856805104220871e-02 5.962933223962532669e-02 5.092500241880770773e-01
1.385122136671168847e-01 1.054047711539967819e-01 5.102500242355745286e-01
1.606448608275082568e-01 5.979263552531453169e-02 5.102500242355745286e-01
1.012156855583928178e-01 5.703696133923011335e-02 4.957778013259586114e-01
9.441023278653476458e-02 5.812567640187574214e-02 5.135000243899412453e-01
9.579993183787868793e-02 6.023573081397064211e-02 5.282500250905286521e-01
1.389658225708879924e-01 5.645290765694908897e-02 4.816176699344342782e-01
2.190537418730825747e-01 7.702040619741752636e-02 5.671666936056377617e-01
1.546376896885247321e-01 6.963095229147889254e-02 4.943000234779901803e-01
1.005901437207552401e-01 9.445457771199454455e-02 5.100833575609916570e-01
1.062899370836407203e-01 4.705686082679230720e-02 5.311250252270838246e-01
1.483744324623039734e-01 9.423799307224267618e-02 4.962500235706102103e-01
1.008042549625755013e-01 8.928795794330823821e-02 5.005833571097658696e-01
1.018482666558524485e-01 8.831165619891973018e-02 4.955000235349871218e-01
1.716313704720205391e-01 5.853554726586460144e-02 5.495000260998494923e-01
1.197744899314328593e-01 4.553231323639701789e-02 4.991195889242985295e-01
1.189291382856244028e-01 4.289018092113915798e-02 5.371666921807142225e-01
1.009737455008843515e-01 8.033640537069186571e-02 4.904264938822426867e-01
9.343038768675812622e-02 7.455729244728029337e-02 5.058750240277731791e-01
9.617388562546061448e-02 7.481064420015420824e-02 4.965769466630612916e-01
1.017464982264089934e-01 6.220827999970992422e-02 5.662500268954318017e-01
1.074613403074863721e-01 5.341683155737542155e-02 5.698333603989643725e-01
2.393563459148172756e-01 8.625661004370642482e-02 5.620384882338560484e-01
1.008157838590479360e-01 8.515226840809504705e-02 4.957166902119449214e-01
1.446495140192005646e-01 7.023738851166300146e-02 4.812600228586234041e-01
1.407759679548752918e-01 1.034013288784890738e-01 5.046250239684013650e-01
1.025599271950266428e-01 6.498036431428337589e-02 5.797500275366473943e-01
1.489920585274815967e-01 4.406278379943590062e-02 5.297187751602905337e-01
1.444835411560140004e-01 4.613825843053285386e-02 4.996250237309141085e-01
1.862902429944778837e-01 7.586515547240353652e-02 5.695555826079927719e-01
1.118644024014586458e-01 7.851427635833090057e-02 4.773750226740958169e-01
1.251042559215603256e-01 1.130113004165000934e-01 5.218000247841700912e-01
1.342596735447454948e-01 4.059294715609233078e-02 5.248437749287404586e-01
1.248425843758348835e-01 9.148804040809362104e-02 4.830937729457218666e-01
1.078480824991885356e-01 5.376785350109344191e-02 4.885000232025049627e-01
1.611909928800533687e-01 8.435370910490037899e-02 5.147000244469381869e-01
1.040207019033413394e-01 5.525616998557589254e-02 5.565000264323316514e-01
1.336499086428462879e-01 1.127393743272055299e-01 5.245833582497047010e-01
9.589700221211806819e-02 8.405759143863854310e-02 5.516250262007815763e-01
1.098305014954610581e-01 4.584105062014762200e-02 5.152647303561131986e-01
1.013730951412591258e-01 7.831017181416491391e-02 4.872500231431331486e-01
1.475306620022663606e-01 4.557640696035560740e-02 5.120000243186950684e-01
1.402099076244921194e-01 5.450709123335557155e-02 4.837894966629774918e-01
1.439941238940877499e-01 7.528959918493248471e-02 4.811458561865341044e-01
1.095195723125466508e-01 9.570443127005155703e-02 4.942031484733888647e-01
1.243840098722379661e-01 9.354363689068984078e-02 4.856136594290463848e-01
1.005518636558275503e-01 6.922119197051349038e-02 5.740714558383582800e-01
2.876373003591686239e-01 9.523988501252873828e-02 5.515833595321358862e-01
1.899027816024391468e-01 7.743183629953190317e-02 5.671000269358046353e-01
1.249750962306710456e-01 4.113851182430237202e-02 5.406375256789033301e-01
1.726389436518535880e-01 7.954766209229169327e-02 5.397500256367493421e-01
1.082138515231147735e-01 7.018133897077960537e-02 4.785882580258390417e-01
2.795640645499658516e-01 8.905486421548938769e-02 5.586607408206744063e-01
1.246841815678586818e-01 3.983067437146660394e-02 5.461071687958403142e-01
1.111305170000845693e-01 9.915310246287545315e-02 4.991250237071653828e-01
1.423075453962552861e-01 4.670388976367963185e-02 4.967500235943589360e-01
1.714706808797699100e-01 6.313016751420871819e-02 5.417500257317442447e-01
2.200875356500965885e-01 8.382871353774284939e-02 5.637000267743133008e-01
1.845565396389398649e-01 8.512311482661269468e-02 5.614615651295304932e-01
1.895352539292605720e-01 7.498496928657098770e-02 5.696000270545482635e-01
9.685084317818914990e-02 7.717923729203034211e-02 5.652500268479343504e-01
1.097394440006780464e-01 1.002459562842281521e-01 5.052738335230276823e-01
1.792252386675952103e-01 6.362460787124510353e-02 5.662500268954318017e-01
1.044035565764580425e-01 5.014005416550269822e-02 5.100000242237001657e-01
1.347487669994214265e-01 1.109672297378438560e-01 5.203750247164862230e-01
1.345607428908972836e-01 4.312794172264771547e-02 5.050000239862129092e-01
1.041202052475486695e-01 5.065631202473273864e-02 5.045000239624641836e-01
2.826323242540023650e-01 8.871079314795635162e-02 5.577500264917034656e-01
1.057394648191695985e-01 8.925056185161775457e-02 4.906666899720827923e-01
2.148544655298315065e-01 8.345102748057853237e-02 5.630500267434399575e-01
1.393599351247047646e-01 4.635996369233275072e-02 4.955113871718905272e-01
1.319884892076028660e-01 4.114698702041208467e-02 5.320000252686440945e-01
9.680516718671583476e-02 6.233139604712773646e-02 5.387500255892518908e-01
1.562984705340248470e-01 8.189559033424649581e-02 5.017500238318461925e-01
1.570034575394731735e-01 1.014953729612629724e-01 5.207500247342977673e-01
1.714706808797699100e-01 6.222680254066442068e-02 5.417500257317442447e-01
9.500721655245367159e-02 8.254455209453384623e-02 5.387500255892518908e-01
1.136654918409854692e-01 4.422685548692564805e-02 5.212500247580464929e-01
1.442440734106127664e-01 5.153485461297300368e-02 4.907727505831809833e-01
9.570505827213944550e-02 7.634291638813330005e-02 5.510500261734705418e-01
1.110683026856193190e-01 1.042905377555067570e-01 5.152500244730617851e-01
1.307310671881135866e-01 3.911249844867990128e-02 5.427500257792416960e-01
1.274381454370922817e-01 4.272080908904953012e-02 5.035000239149667323e-01
1.589378950361457488e-01 6.546212711908218351e-02 5.008333571216402325e-01
1.811932669651110106e-01 7.512114463027551314e-02 5.595625265777925961e-01
1.809854099444344055e-01 7.100071699458467001e-02 5.592812765644339379e-01
1.380200988921865546e-01 7.479967297027260986e-02 4.767833559793264731e-01
2.344648974280068021e-01 8.615702630873262047e-02 5.619706149274648066e-01
9.693339056762169392e-02 9.080614498171886428e-02 5.345000253873877227e-01
1.194732923141240410e-01 1.066727922969357562e-01 5.105000242474488914e-01
1.148683284750839639e-01 5.086862120190883962e-02 4.855857373497980967e-01
2.346568230301454006e-01 8.399524226880379640e-02 5.638409358719151943e-01
1.190844764390643074e-01 1.076312233378152877e-01 5.127500243543181568e-01
2.145889710308946652e-01 8.968715159885665145e-02 5.585000265273265541e-01
1.196286338993367004e-01 9.351710304845023414e-02 4.862115615553473380e-01
1.015489424557654008e-01 1.001689627191555271e-01 5.353333587603023025e-01
1.502100245205854334e-01 8.099621316428769202e-02 4.887500232143793255e-01
1.097048828263920833e-01 4.718387364467196976e-02 5.109166909339061258e-01
1.128138925917108459e-01 1.076154589392563921e-01 5.295000251499004662e-01
9.673002427397556224e-02 6.210881241707968958e-02 4.957500235468614846e-01
1.495912919729241453e-01 1.088030079179991005e-01 5.258500249765347689e-01
1.161399982130350284e-01 4.748907383750648054e-02 4.954500235326122493e-01
1.195743558171987325e-01 1.046555705246247220e-01 5.045833572997556749e-01
9.595069590293490991e-02 8.887431138279536236e-02 5.390000256011262536e-01
1.003494776767456936e-01 9.781069040372615542e-02 5.290000251261517406e-01
1.085521068638512637e-01 1.018248348683510329e-01 5.115000242949463427e-01
1.520045587068500348e-01 6.159091646033607731e-02 4.932500234281178564e-01
1.664816508592980582e-01 9.461380892142998156e-02 5.358750254526967183e-01
9.470742579952712292e-02 7.959775355800488561e-02 5.370500255085062236e-01
1.012021718382532520e-01 6.482539132558884365e-02 5.685000270023010671e-01
2.145573076950183233e-01 8.040329721712922983e-02 5.647416934904564423e-01
1.076810570918795285e-01 1.017619426342945554e-01 5.155000244849361479e-01
1.115283320602718786e-01 1.035506635119001762e-01 5.095000241999514401e-01
1.294909928833010981e-01 4.099053090065579025e-02 5.401052888115182027e-01
1.513191210775915174e-01 4.677834737936645282e-02 5.206250247283605859e-01
1.146761378902306783e-01 4.635667483045106951e-02 5.006125237778178416e-01
2.696879468425717463e-01 9.022542394007321276e-02 5.587129895004047109e-01
1.344206721494131951e-01 5.029994492743188744e-02 4.849643087488532678e-01
1.578627970108568146e-01 8.977251692601545541e-02 5.108750242652604356e-01
1.367565857967354137e-01 5.306242691365986586e-02 4.830000229412689805e-01
6.836090684567529274e-02 6.360823448253614953e-02 5.879166945912098763e-01
1.298057147252553722e-01 5.501159469684605702e-02 4.789559051021248792e-01
1.767547721787214865e-01 7.872968693720695799e-02 5.497500261117238551e-01
1.468942398557030182e-01 4.809116158215624715e-02 4.982500236656051129e-01
1.270704179300612413e-01 4.231795697462691075e-02 5.300000251736491919e-01
1.625286038886446793e-01 8.864004891339910541e-02 5.217500247817952186e-01
1.528178072991397685e-01 4.373816207885698054e-02 5.440000258386135101e-01
2.545124770130506864e-01 8.997703594662953552e-02 5.596797140833587036e-01
1.443448660163360042e-01 4.141704877143502495e-02 5.298000251641497016e-01
1.660020597597257896e-01 7.259512106626152261e-02 5.190000246511772275e-01
9.788054235399877567e-02 7.441735279226165123e-02 5.657500268716830760e-01
1.668812487196283945e-01 6.319885405901062847e-02 5.272500250430312008e-01
1.247553401056007011e-01 1.050668938613433939e-01 5.045416906311098737e-01
9.623177037336889950e-02 8.955426349231941641e-02 5.431250257970532402e-01
1.196531778226142817e-01 6.045816029117328377e-02 4.765284317247939772e-01
9.723175396013665484e-02 7.532978468273222872e-02 5.620000266935676336e-01
1.246659263149224456e-01 1.031103157869572989e-01 4.991428808508707182e-01
1.390688565851419811e-01 4.192806395178041295e-02 5.091666908507855860e-01
9.304120286111060290e-02 7.189264957005658818e-02 5.099166908864086745e-01
9.830974073103099231e-02 5.892165182462900941e-02 5.383750255714403465e-01
1.348436535229005639e-01 4.502458113801964534e-02 4.945714520623109012e-01
1.026214041630088419e-01 8.667690738349634327e-02 4.932500234281178564e-01
2.848993690593317196e-01 9.613174659735444771e-02 5.518182080281390789e-01
2.796040866936295166e-01 9.484200714052941350e-02 5.539910977417353832e-01
1.661110864670837239e-01 8.898964617659310683e-02 5.290000251261517406e-01
1.505114198530503877e-01 1.064151732426296681e-01 5.193333580003430816e-01
1.612057070613914234e-01 4.990000472495965261e-02 5.452500258979853243e-01
1.531210696407500349e-01 9.934978016208946550e-02 5.097500242118258029e-01
1.626364031577093028e-01 9.581952862456065423e-02 5.277500250667799264e-01
1.997073025389461964e-01 8.048340459521738377e-02 5.649191444792771577e-01
1.457319807242080656e-01 4.418444363677987569e-02 5.131875243750982918e-01
9.386836939833233251e-02 6.526313648572525106e-02 5.000833570860171440e-01
1.485218120769406236e-01 5.606557914346693705e-02 4.906785947345529975e-01
1.477133854842451188e-01 1.059626696978720195e-01 5.171250245621195063e-01
1.583546042451847158e-01 6.995423372329637179e-02 5.018214524066674231e-01
1.634787954638414476e-01 9.961478998789585759e-02 5.339500253612641245e-01
1.983503721911588635e-01 8.342509029949496391e-02 5.628750267351279035e-01
9.573040118100706319e-02 8.023824346901503590e-02 5.506666928219298152e-01
1.298963311819522348e-01 7.027271077137371702e-02 4.741369272821993053e-01
2.690282177520898488e-01 8.400294095665858385e-02 5.629750267398776487e-01
1.195551621104983531e-01 7.023957246272770349e-02 4.739166891765004830e-01
1.148956831371858306e-01 4.382776191217696571e-02 5.355000254348851740e-01
1.025514516293900558e-01 9.640842003026185714e-02 5.106666909220317629e-01
1.790088949078031955e-01 6.603334477337884090e-02 5.602500266104470938e-01
1.429076896222734594e-01 8.389646480394719052e-02 4.820000228937715292e-01
1.632228920733051758e-01 9.122085288962498983e-02 5.249166915988704440e-01
2.441312953886966841e-01 8.688121978134484558e-02 5.619583600249219435e-01
9.437942285813920307e-02 6.427290091384886550e-02 5.252500249480362982e-01
1.295599844120142174e-01 6.522440564771009308e-02 4.745769456181173629e-01
1.228490759986137076e-01 4.696787026965474482e-02 4.951666901858213232e-01
9.744547134112559184e-02 9.236632860764915076e-02 5.182500246155541390e-01
1.642700200767892582e-01 8.298027483688243111e-02 5.190000246511772275e-01
1.347484562591217960e-01 4.345570319783994412e-02 4.986875236863852479e-01
1.243552383979934506e-01 4.257977603310162534e-02 5.250625249391305260e-01
1.246064724942673174e-01 9.624659736169483004e-02 4.896250232559395954e-01
2.847517830911577286e-01 9.041224900167327272e-02 5.561176734729943449e-01
1.196353846721287389e-01 9.624621139277399207e-02 4.898421285294094485e-01
1.727468988204508560e-01 6.490693119574064696e-02 5.415000257198698819e-01
1.243636452614680643e-01 1.066566423644980249e-01 5.081071669909371646e-01
2.796390854327079900e-01 8.546426942000995286e-02 5.609697236143278420e-01
1.343346730931870847e-01 4.053732196933156062e-02 5.321500252757687122e-01
1.343810498254340846e-01 3.944780796224243991e-02 5.453000259003601968e-01
1.511570928448250362e-01 6.410822120122353085e-02 4.905000232974998653e-01
1.096560808494181083e-01 1.063316551844396274e-01 5.302500251855235547e-01
1.481472263471967366e-01 9.877632180485149127e-02 5.025000238674692810e-01
1.342235911137792947e-01 8.892395727392363169e-02 4.815535943011387543e-01
8.951241911569146614e-02 6.524535168874676105e-02 5.843654123712510584e-01
1.626956013903701759e-01 8.477472780843428590e-02 5.167500245443079621e-01
1.487470492350740359e-01 6.566007419461715455e-02 4.850375230380450375e-01
1.494546742538659101e-01 9.973251793646611962e-02 5.060750240372726694e-01
1.226349410777854976e-01 4.382542689108702427e-02 5.115000242949463427e-01
1.215269763900876238e-01 4.182374667535307400e-02 5.407500256842467934e-01
1.227039064683621561e-01 4.339764504401158463e-02 5.065000240574590862e-01
9.818019637465842664e-02 9.063642131419180625e-02 5.095000241999514401e-01
1.348885221293138204e-01 9.134592365365033773e-02 4.843571658628726406e-01
1.384362864582378283e-01 7.009032367427608934e-02 4.766154072534006247e-01
1.246612571696759930e-01 4.481544366350571906e-02 4.998518755935408286e-01
1.476644261437138061e-01 5.246361606631175928e-02 4.925000233924947679e-01
1.653470673894105458e-01 8.659031187204026259e-02 5.251666916107448069e-01
1.098092191126920358e-01 4.556249775381934070e-02 5.335000253398902714e-01
1.142955115020794776e-01 4.376148953121048596e-02 5.396250256308121607e-01
1.100384209395665336e-01 4.547732712749896072e-02 5.386250255833147094e-01
1.947047251909986565e-01 8.043243462011316625e-02 5.652661558809585207e-01
1.482199843509996451e-01 1.033474237405323654e-01 5.085000241524539888e-01
1.090749833489938481e-01 6.488564320520844031e-02 4.786875227364362217e-01
9.580661130408717197e-02 8.985706947657812194e-02 5.187500246393028647e-01
1.096160992308669452e-01 5.518406695031274900e-02 4.848785944590677799e-01
1.209566525390865926e-01 4.448815840390520082e-02 5.045000239624641836e-01
9.728904453044513734e-02 5.789074015781239813e-02 5.040000239387154579e-01
1.237100599261733019e-01 4.347371792064880225e-02 5.247500249242875725e-01
1.134367469245444182e-01 5.383987264173532850e-02 4.836562729724391829e-01
9.278039813915019141e-02 7.033937281561940258e-02 5.038750239327782765e-01
9.588300885627495940e-02 6.119261850238730954e-02 5.007666904518069950e-01
1.215727078617310497e-01 4.215245850775298231e-02 5.450000258861109614e-01
1.062223605772095875e-01 8.474771373561722221e-02 4.865000231075100601e-01
1.392115379269409925e-01 4.066358726688281550e-02 5.257500249717850238e-01
1.593168716462852186e-01 5.647574993473745281e-02 5.121250243246322498e-01
1.451511911718276482e-01 5.347682541740037682e-02 4.895625232529710047e-01
9.525504227125443368e-02 5.651492570613151495e-02 5.157500244968105108e-01
2.844180242789103308e-01 9.382961309785266268e-02 5.534643120024286267e-01
1.443192172700504816e-01 5.577190353551502583e-02 4.858863867147275584e-01
1.353050716428739475e-01 4.200076204784702893e-02 5.083333574778711172e-01
9.896067730740476520e-02 5.733713979226864182e-02 5.382500255655031651e-01
1.066441047304152040e-01 5.666498753270575450e-02 5.722500271804165095e-01
1.655337664113169238e-01 7.710753404985522252e-02 5.202500247105490416e-01
1.638368000409302083e-01 7.460135502246086070e-02 5.149166911238959310e-01
1.095594990430371063e-01 6.039887321479090604e-02 4.801219740240811884e-01
1.547562337529956866e-01 9.502721279953235678e-02 5.093500241928268224e-01
1.156876944533444390e-01 4.482808807595121264e-02 5.614500266674440354e-01
1.169006550600002886e-01 4.739139054056942801e-02 4.910000233212485909e-01
9.533345943063842309e-02 8.553467630197574001e-02 5.406000256771221757e-01
1.146787246347029804e-01 4.528588196859595350e-02 5.632500267529394478e-01
1.668860364877188529e-01 7.861203771791810957e-02 5.245000249124132097e-01
1.626083291222552851e-01 8.128420385673147674e-02 5.137500244018156081e-01
1.945918277002026131e-01 7.694178407406732090e-02 5.669750269298674539e-01
1.347299373454807769e-01 7.539022712528553605e-02 4.755833559223295315e-01
9.652718872110320480e-02 8.877610328165504161e-02 5.552500263729598373e-01
1.536220987062298649e-01 7.963055466894665424e-02 4.948125235023326240e-01
1.120342516068433686e-01 6.237837633956666572e-02 4.772500226681586355e-01
1.345611322909091023e-01 4.007266639766331184e-02 5.330500253185164183e-01
9.282045289964702128e-02 6.354909447296719360e-02 5.033333572403838607e-01
1.147949372662387252e-01 4.377059838565982436e-02 5.247143106368769017e-01
9.910078788127218985e-02 8.040327619755556487e-02 4.952500235231127590e-01
1.393215501857602567e-01 5.160897528904372089e-02 4.858235524871441502e-01
2.644789027425121786e-01 8.427539852142082455e-02 5.633970855834538050e-01
9.820530331103764776e-02 5.514493165230439919e-02 5.097222464327286762e-01
1.575444972049488135e-01 8.339180516112941477e-02 5.057500240218359977e-01
1.946270685565857084e-01 8.889719887461830505e-02 5.589250265475129709e-01
1.249590879750015343e-01 9.836981196898259006e-02 4.920833567060374780e-01
1.245149047582766871e-01 6.523023975124236928e-02 4.744527252379968640e-01
1.147101168617293554e-01 6.541854231847667178e-02 4.756375225915689953e-01
1.016835633317259985e-01 6.606070974381204886e-02 4.867916897880301685e-01
1.407875338220022643e-01 3.971547143090243398e-02 5.490000260761007667e-01
1.067512287149126604e-01 4.723872526652628245e-02 5.257500249717850238e-01
1.009097407628636867e-01 5.900055243284320350e-02 5.538750263076508418e-01
9.935595272967176483e-02 5.484459179870727896e-02 5.052894976841727503e-01
1.066699259310541215e-01 5.219492203244556483e-02 4.958125235498300754e-01
1.248929100212197579e-01 4.309245543246441323e-02 5.397000256343744695e-01
1.478613151338640241e-01 9.014618453681882970e-02 4.897500232618767768e-01
1.502933097529963458e-01 9.083619376197943351e-02 4.957500235468614846e-01
1.039643976116033236e-01 4.938691546599181803e-02 5.313571680952529075e-01
1.024646691687675359e-01 5.971561934506045000e-02 5.650000268360599875e-01
1.341128856938866298e-01 4.173860762784229600e-02 5.150714530360086529e-01
1.651795022916812128e-01 7.028334529774497852e-02 5.168750245502451435e-01
1.514482129124826160e-01 7.448135212767426072e-02 4.899285946989299090e-01
2.745947484642962677e-01 8.600150505301164261e-02 5.608557958699887935e-01
1.024109710349540570e-01 5.814354728530973099e-02 5.545000263373367488e-01
1.536171179402213427e-01 5.166717388780060066e-02 5.056000240147113800e-01
1.555842265387051004e-01 9.241523461847725440e-02 5.090000241762027144e-01
1.521880816863422359e-01 9.281846234909363336e-02 5.020000238437205553e-01
9.690795704708383973e-02 7.911138133673083217e-02 5.655833601971002045e-01
1.004773663619346336e-01 5.157921375435656902e-02 5.197045701391868056e-01
1.000907245286421499e-01 9.885249931333918438e-02 5.395000256248749793e-01
1.214991047592285101e-01 4.300662184048758413e-02 5.386250255833147094e-01
1.015695127281924515e-01 5.246589176294264023e-02 5.043750239565270022e-01
1.039099299382224423e-01 8.545443134132242602e-02 4.897768089774347522e-01
1.420377587980007350e-01 4.097296310914154416e-02 5.297500251617748290e-01
1.245271334438248223e-01 5.506656335341241632e-02 4.788161992131362843e-01
1.409779154119869260e-01 7.047357851115608474e-02 4.781805782679132144e-01
1.148931990937499953e-01 5.553272645869504476e-02 4.806036813640342520e-01
1.347550857358892351e-01 4.251806406495629853e-02 5.051000239909626544e-01
1.108880586885724190e-01 4.711167675609682221e-02 5.552500263729598373e-01
9.763683916320366196e-02 8.682079499052633431e-02 5.036250239209039137e-01
2.095934481722291354e-01 8.543838567263099815e-02 5.607083599655501294e-01
1.742837492586234438e-01 8.894702127000875258e-02 5.477500260167289525e-01
1.253009996804620996e-01 4.287522904094275000e-02 5.154500244825612754e-01
1.659675565680919229e-01 5.924452365850513269e-02 5.292500251380261034e-01
1.728158592715355324e-01 9.093897504275684496e-02 5.460000259336084127e-01
9.778646236020127613e-02 6.498815198522910064e-02 4.931785948532966257e-01
1.047377993888547881e-01 4.954332011533177371e-02 5.155000244849361479e-01
1.429015372813343121e-01 4.346322632743916670e-02 5.122500243305694312e-01
1.181564402744339493e-01 4.723856697976310665e-02 4.894166899127109782e-01
9.756608391652157874e-02 8.102653312369670346e-02 4.989687736997439060e-01
1.050371478535595954e-01 5.108504471778999023e-02 4.999891541829920016e-01
1.091882387363313500e-01 5.076519918905785661e-02 4.951666901858213232e-01
1.296401972435987371e-01 4.288770606947343855e-02 5.156000244896858931e-01
9.431703704145739942e-02 7.525954358876991990e-02 4.996250237309141085e-01
1.321316489502324665e-01 4.285859300290183888e-02 5.152500244730617851e-01
1.010075762666370891e-01 7.486558345725478902e-02 4.859843980830191867e-01
9.920661595509988606e-02 7.530838042972126667e-02 4.900682050951714053e-01
1.054866419001831562e-01 6.030975593375854232e-02 4.850803801829378092e-01
1.460627916076478738e-01 6.395113961262620383e-02 4.831250229472061619e-01
1.032556598984310930e-01 5.983971187178732665e-02 4.894782841185350564e-01
1.531656819843435491e-01 5.619465925717448407e-02 4.952291901887899139e-01
1.627496809599011940e-01 7.154605862310745024e-02 5.115000242949463427e-01
1.398762718580796038e-01 4.417053773848615000e-02 5.009166904589316127e-01
9.760057216131214075e-02 7.057893011315687082e-02 4.928333567416605665e-01
1.052018231193347364e-01 5.873036328273048556e-02 5.761250273644691333e-01
1.059811563938894280e-01 6.570538831010890035e-02 4.812174141609474320e-01
1.384671099056037913e-01 4.017916301620944736e-02 5.338750253577018157e-01
1.138193224882104726e-01 4.504175892688334210e-02 5.036458572552268143e-01
9.737482497013988381e-02 6.647830835599143062e-02 5.470000259811058640e-01
1.039476365986359424e-01 6.210709811240457123e-02 5.785000274772755802e-01
1.534124139594031377e-01 7.434234767701139446e-02 4.921071662309778882e-01
1.381179581092345510e-01 3.960695921387811375e-02 5.475000260048545897e-01
9.849648561510182532e-02 9.443529129672394162e-02 5.261875249925651588e-01
9.905540204393113723e-02 9.589737836899248080e-02 5.347222476201649588e-01
1.046808310800229763e-01 8.041248510864082433e-02 4.851571659008706017e-01
9.800167509418157563e-02 9.326524289717445793e-02 5.454166925725681958e-01
9.910642839918253066e-02 9.651011469569130419e-02 5.415000257198698819e-01
1.047369207067020136e-01 9.988761318711857073e-02 5.163750245264964178e-01
1.052748051825672104e-01 9.942140946734964735e-02 5.101250242296373472e-01
2.095413024601747998e-01 8.891343349416867825e-02 5.582272992416453805e-01
1.200017140017742429e-01 5.196712730104600247e-02 4.813166895279816226e-01
1.160138918983875805e-01 4.271265271539258918e-02 5.240000248886644840e-01
1.013092291523397526e-01 8.397500052376966062e-02 4.918750233628088608e-01
1.111790533011360743e-01 6.592492455019902109e-02 4.770000226562842727e-01
1.101871551124763843e-01 5.066159694917293094e-02 5.697222492825757545e-01
1.729280291507708234e-01 6.079859393846224341e-02 5.492500260879751295e-01
1.140223815679469038e-01 4.434846222133144444e-02 5.463000259478576481e-01
9.759649666456896022e-02 9.237216516806028010e-02 5.332500253280159086e-01
9.756812745627777006e-02 9.229787145906731549e-02 5.380000255536288023e-01
2.248215280770703151e-01 8.057202380505598671e-02 5.661500268906820565e-01
1.000308552889123265e-01 5.356648369407690513e-02 5.320000252686440945e-01
1.067554271303194358e-01 9.363497157054308240e-02 4.952500235231127590e-01
1.302091101938266937e-01 4.473982972382755524e-02 4.953214520979339897e-01
9.821811020147534765e-02 9.188934528514963729e-02 5.143750244315015152e-01
1.203005580600841479e-01 4.422982649833794022e-02 5.119464528875791176e-01
9.895697112255733008e-02 5.316040342085961989e-02 5.193750246689887717e-01
1.149362933486469396e-01 9.907389432709237664e-02 4.956000235397368670e-01
9.806532117386307368e-02 5.449623310995040104e-02 5.238750248827273026e-01
1.194725478293840321e-01 4.710224485642420383e-02 4.965833569197760089e-01
1.298541413038906134e-01 4.968547382384876782e-02 4.844259489349227454e-01
1.617377322304055232e-01 5.327271293949521064e-02 5.335000253398902714e-01
1.655222850205358420e-01 6.591334678054940055e-02 5.175000245799310505e-01
1.279883428188352545e-01 4.291643445544694041e-02 5.265000250074081123e-01
1.076995764184950910e-01 4.815780592620250850e-02 5.055000240099616349e-01
1.048452126137067592e-01 4.804677208730640664e-02 5.250000249361619353e-01
1.014857147688766753e-01 5.721892176093444637e-02 5.545000263373367488e-01
1.092037444916266198e-01 1.044887648126809204e-01 5.248750249302247539e-01
1.446657487156948751e-01 4.030054881302165548e-02 5.486666927269349125e-01
1.430952754697046581e-01 4.018342579353629401e-02 5.450000258861109614e-01
1.080162400770977582e-01 4.636208659269473037e-02 5.290833584634432318e-01
1.306953275873221909e-01 4.134700068864371331e-02 5.345833587246792140e-01
1.105721457280749997e-01 4.637134371227554647e-02 5.036389128104524771e-01
1.358538214622968809e-01 5.945075307984651336e-02 4.780769457843584425e-01
1.180606263601249178e-01 4.273095422482293265e-02 5.585000265273265541e-01
1.198357334417219644e-01 4.253489680279767815e-02 5.559375264056143351e-01
1.211460079892208996e-01 4.202323475019515558e-02 5.492500260879751295e-01
1.502381169900198210e-01 4.221451028387834120e-02 5.517500262067187577e-01
1.080827561331638986e-01 4.667716172317718654e-02 5.195000246749259531e-01
1.179354561835971038e-01 4.378928850087066699e-02 5.601250266045099124e-01
1.198357334417219644e-01 4.346191935006076673e-02 5.559375264056143351e-01
1.211460079892208996e-01 4.293910593011062565e-02 5.492500260879751295e-01
1.348627122143956358e-01 4.084785225031006134e-02 5.225000248174183071e-01
1.497777832255399455e-01 4.313455019925086648e-02 5.517500262067187577e-01
1.503280625926650960e-01 4.250912853800210139e-02 5.437500258267391473e-01
1.274885370902577864e-01 4.305652509163690467e-02 5.392500256130006164e-01
1.293731805494887088e-01 4.191873096543231869e-02 5.250000249361619353e-01
1.314001157018348243e-01 4.158936950784677955e-02 5.208750247402349487e-01
1.299652231973092431e-01 4.189662951564188109e-02 5.157500244968105108e-01
1.397916345373435565e-01 4.197737095701408599e-02 5.150000244611874223e-01
1.405571060675382400e-01 4.146960170508839222e-02 5.193750246689887717e-01
1.503280625926650960e-01 4.341582849991203891e-02 5.437500258267391473e-01
1.112518908545235830e-01 4.545034747503459011e-02 5.464166926200656471e-01
1.196031579524407668e-01 4.274525779380128343e-02 5.244000249076634645e-01
1.254640652625571284e-01 4.207074023422137377e-02 5.161250245146220550e-01
1.564152716198241311e-01 4.551982416237230350e-02 5.500000261235982180e-01
1.575624558992257673e-01 4.529054371223416309e-02 5.500000261235982180e-01
1.401933828844330876e-01 4.315565347153488274e-02 5.086250241583911702e-01
1.196031579524407668e-01 4.361969174327360449e-02 5.244000249076634645e-01
1.030103295125601587e-01 5.337715637440812455e-02 4.991250237071653828e-01
1.095091957322231191e-01 4.575536790657308561e-02 5.252045704004227877e-01
1.178585260277171670e-01 4.395457434862377194e-02 5.130000243661925197e-01
1.246448521870344717e-01 4.262747663622339783e-02 5.024000238627195358e-01
1.299384561053389953e-01 4.357489962984655713e-02 5.044231008818874651e-01
1.399561039867097401e-01 4.352050460377206859e-02 5.055000240099616349e-01
1.530054326625067129e-01 4.549684011524215976e-02 5.310000252211466432e-01
1.054858026348489408e-01 5.029893535225109236e-02 5.458750259276712313e-01
1.104248048186540487e-01 4.803755290110922616e-02 5.552500263729598373e-01
1.292035297207214106e-01 4.511095845131628257e-02 5.001071666109575542e-01
1.637498035696040855e-01 4.910222485070492998e-02 5.585833598646180453e-01
1.145920991790578269e-01 4.434560871408707583e-02 5.144375244344701059e-01
9.923091151529248033e-02 6.205154913358960911e-02 5.522500262304674834e-01
1.526587578049393989e-01 4.722364822969951637e-02 5.207500247342977673e-01
1.064328158396201235e-01 4.758155730995312221e-02 5.199166913613831875e-01
1.302131470975304572e-01 4.585128551843004052e-02 4.904218982937891269e-01
1.339222924972703621e-01 4.651021232578621961e-02 4.910192540913927983e-01
1.545908105539294808e-01 5.303173857447321393e-02 5.057500240218359977e-01
1.246004728846701048e-01 4.954602481125929686e-02 4.834615614247293469e-01
1.037491992207280750e-01 4.923874760344094242e-02 5.205192554925676118e-01
1.081461342581366697e-01 4.786222539173383417e-02 5.136250243958784267e-01
1.599573022287742174e-01 5.082629053652119866e-02 5.335000253398902714e-01
1.299199648588364731e-01 7.542606509640496781e-02 4.742222447465691548e-01
1.106684857944659484e-01 4.759231687875987993e-02 5.017500238318461925e-01
1.521273010848825935e-01 4.808354013557489953e-02 5.160000245086848736e-01
1.247054519269870099e-01 4.688562978960498367e-02 4.857639119614355350e-01
1.289715106635738462e-01 4.720226285725005744e-02 4.866428802571525769e-01
1.506190100509033625e-01 4.889882875387780575e-02 5.051666906607957808e-01
1.094101477873532929e-01 4.902057179497944228e-02 4.992625237136962824e-01
1.142203268434179991e-01 4.849145451149746572e-02 4.959791902244130024e-01
1.207272985455887238e-01 4.725801250890168670e-02 4.858889119673727164e-01
1.447786441655624645e-01 4.927830950850699970e-02 4.942391539098816566e-01
1.141287237155243217e-01 4.899609398442534430e-02 4.896562732574238908e-01
1.181564402744339493e-01 4.805466642440633929e-02 4.894166899127109782e-01
1.193894651117540229e-01 4.957864299068624053e-02 4.842586436907054259e-01
1.354793386657991150e-01 4.837813538042386174e-02 4.885625232054735534e-01
1.398564590630053672e-01 4.943859441606048705e-02 4.905156482982420130e-01
1.413048752223511062e-01 4.843105236949789283e-02 4.932500234281178564e-01
1.057173979596056496e-01 5.741670091885613808e-02 5.750000273110345006e-01
1.013765710159281325e-01 5.198063384787068864e-02 5.162500245205592364e-01
1.487591736505322615e-01 5.119042453782616381e-02 4.939500234613660723e-01
1.639525261874709705e-01 5.473472628741171686e-02 5.333055808862101621e-01
1.022180715502538084e-01 5.614247075890464039e-02 5.485000260523520410e-01
1.010808358812600866e-01 5.223969003805561950e-02 5.095500242023263127e-01
1.103187237544173416e-01 5.119538663108517268e-02 4.898000232642516494e-01
9.833731245961667422e-02 5.416789463718463954e-02 5.155625244879047386e-01
1.013830766917980103e-01 5.128450862632627505e-02 5.313333585703124973e-01
1.002313710964122667e-01 5.574774634484026131e-02 5.001932055760831553e-01
1.039549433641219767e-01 5.448910172438996280e-02 4.949772962374316410e-01
1.108752457889852910e-01 5.251115481129504936e-02 4.868500231241341680e-01
1.564730150702546563e-01 5.408812397496405577e-02 5.077500241168309003e-01
1.246626842368111776e-01 5.206614333923310217e-02 4.808552859972941573e-01
1.290450017205998501e-01 5.207136444623070709e-02 4.812916895267941864e-01
7.478474016440092575e-02 6.520376403112523866e-02 5.853365662635321431e-01
7.975892084908493829e-02 6.526053291558021885e-02 5.851700277940835582e-01
8.459405004326896182e-02 6.522464398705825339e-02 5.848500277788843960e-01
9.585977685002534943e-02 5.650267390544783108e-02 5.094091151047244193e-01
1.050467646508361080e-01 5.558751032852269486e-02 4.901771066154954615e-01
1.333716569605231939e-01 5.219391487163738130e-02 4.824166895802288191e-01
1.504472624619909715e-01 5.471145631645708135e-02 4.937321663081612466e-01
1.656188065382873109e-01 5.736912771259779220e-02 5.302500251855235547e-01
1.155982771115424274e-01 1.092616623883721078e-01 5.260833583209508779e-01
1.194882212575165553e-01 5.525506902272219606e-02 4.790893084698057414e-01
1.344919427508502741e-01 5.519237019032471186e-02 4.799868649034148005e-01
